7728
3973
2903
3168
2841
9617
8065
5124
7946
2987
8796
3483
1350
6211
9685
1249
9256
6486
1811
5961
7062
6406
5948
7538
7311
8638
5968
4271
3158
9794
5774
2126
2744
6526
9419
6082
3897
2833
8662
8817
3676
6489
482
1015
898
40
7106
257
6161
2843
3879
4991
8202
9638
6789
5076
807
3513
1023
4045
2594
3608
2763
9891
6704
2023
2586
6292
8602
2638
8248
9318
4659
3332
4542
3848
3984
8479
4664
2566
3357
3853
2258
3581
279
2990
1384
1816
642
740
4294
4405
412
6287
7593
2880
2080
7025
4408
2357
6427
8792
4180
4897
427
3157
4456
8176
5029
4675
5654
6892
1387
143
1176
7996
5348
3681
2013
7067
5744
2879
3851
5965
5341
6966
6241
2499
463
8057
9652
693
4137
9996
3151
5334
1852
7578
3939
1823
6853
841
4909
4669
8639
5985
8987
1280
2595
7932
5502
8556
8962
8790
687
7377
1936
3964
2040
3347
6831
9581
4628
6060
5390
2048
7609
5492
3199
9266
4016
3513
8352
8033
5265
2401
1142
1542
5304
5555
939
1449
9686
2881
633
8690
6218
5598
5226
4141
3421
9104
3042
3130
6596
2174
688
8549
9141
5881
2801
2390
3347
8460
7709
8606
508
4589
1417
521
9870
78
8046
8947
9892
4829
4846
9775
7051
253
4552
9979
9297
156
8237
5744
4291
370
9536
1745
845
5411
2789
8940
403
6231
4135
5707
2059
3694
6291
5147
459
7449
4312
6934
1608
5924
7729
2469
9412
9771
180
3691
8764
7336
1984
4584
3228
4926
6154
8645
3388
3029
8519
996
4330
4987
1157
790
2271
4178
9157
8795
3108
4492
9044
2308
8572
2470
5943
5677
179
4965
3217
3543
1759
1471
258
5692
9773
6862
7014
6132
5445
1653
8043
5864
3961
876
7957
5113
13
5967
9950
4719
4147
3643
1010
1824
9163
7611
2756
8857
7493
4394
6556
4434
8062
8918
8431
7906
9525
7212
7481
6377
459
1685
1883
238
2234
9936
7260
3104
9024
7528
3158
4961
1973
7691
7228
516
1295
5735
4767
4149
4936
8323
2047
945
8501
2327
5023
4269
3128
3091
238
4007
4862
7898
859
6656
2776
2418
5011
1031
526
3666
4858
9161
6859
9141
9688
4205
615
5273
7361
1637
2623
4756
6054
1070
8348
1347
4036
9431
6540
6902
2347
8586
3066
8324
4672
5661
4833
145
8738
7583
3900
4450
4850
7032
6760
9607
1655
6816
4910
68
3161
9621
7908
9536
9234
3801
1241
1031
8247
2811
4373
2720
8827
7754
4769
7908
3175
2971
2001
8081
4831
1371
9050
5759
4039
3934
4402
3874
72
7702
1776
4723
5355
6492
3692
3114
3291
5437
9413
6118
909
8281
7690
9169
4617
9347
6634
9750
833
9499
698
2850
7874
9345
176
6250
992
9701
7101
5707
2433
5539
1376
9752
4678
2416
3448
6108
360
2270
8287
9851
7318
4560
5078
8166
5576
1059
176
2677
4775
9732
6579
4350
2355
3814
5876
8485
7261
5324
1553
8863
9358
8115
9594
3493
8367
5731
2712
9941
5520
2686
3134
3247
4331
2563
9680
7411
1773
6178
1929
8290
420
7515
3921
5227
8240
1851
3436
9260
3590
3202
659
5715
4775
2593
2323
6699
3322
7980
2927
7269
3274
5704
7403
4054
5889
4434
9350
9722
8728
1476
1050
1777
595
9540
2879
8259
5504
4442
5532
6259
4713
4637
87
6454
3855
8852
1952
4263
9507
2336
1085
1618
2599
4006
6221
7027
7590
9698
5633
8127
6255
3635
9230
186
9041
1069
3089
2884
165
2443
2268
815
4278
2424
2590
9823
5734
3695
5814
3701
6743
2821
1870
9635
3900
7179
3052
2970
9124
4372
7690
9581
2148
4457
5558
4725
6740
4215
3212
9236
3626
4575
5412
1447
2028
8429
2523
8076
7543
4337
4317
3868
7173
3872
4412
1967
6507
7475
5960
5524
4517
955
4760
9633
3463
6599
5449
4286
3465
7427
1749
6475
2087
6024
5087
1117
4828
5306
4128
2989
3941
6712
2083
2046
8508
9384
5116
1013
3707
5038
7134
853
1828
2012
6757
447
7024
6418
3989
669
1104
6251
4789
2241
3003
9182
6196
9148
322
7082
7708
9713
8725
2632
638
5167
5037
6410
89
6753
5316
9185
2784
6019
5049
171
2920
7311
8385
734
4713
3690
5194
3005
1675
6658
7410
5616
506
4207
562
8600
8601
5222
1463
3155
9118
6518
5237
7386
3166
9762
5440
2650
1289
7503
2335
8880
9565
926
8979
5281
3273
9720
5733
1602
4775
1574
9629
2710
9639
8494
7611
9125
5839
8920
670
8569
7562
2924
3049
7397
3460
3940
3595
4023
7200
8056
6112
7776
8723
2230
6352
172
6273
9409
5055
2378
8225
5353
3234
3802
1735
6818
2960
5293
5742
6486
4455
7501
4733
7735
4353
6765
5872
9080
4920
935
4036
5675
1723
4425
3955
9307
8817
1883
748
2383
1499
4001
5659
1028
9780
7521
9320
3512
7182
9983
8952
1335
5098
487
4860
6496
3099
3142
8127
9730
6784
6090
214
5009
1158
3468
588
9270
2577
9460
1681
3687
1779
2111
7757
1949
4740
5767
3071
8139
8968
489
923
6700
5303
5295
87
8913
2400
4103
5895
557
6738
5742
3939
3451
8343
1008
8294
5400
1490
6394
5566
5026
9983
7331
8310
9271
7182
3592
7289
7975
9025
183
2292
2504
2142
919
7439
3294
386
6173
6737
5134
3211
1858
3596
3516
9914
2547
9950
8226
9328
5588
8744
2012
3400
6120
9677
7113
7884
765
540
9729
1001
8499
820
2139
5785
1176
7277
3934
9686
9975
4787
4818
6488
8668
6445
2850
4232
3322
2024
1026
5755
9323
9078
6546
791
8452
2792
825
5045
3813
9858
6078
4179
8925
638
5321
4935
1908
4903
2103
5677
1292
2874
6797
7202
8085
7231
5797
2296
2301
5353
321
331
478
436
5816
1681
1505
650
8280
9415
932
4334
7654
3119
7454
1950
3775
5259
6758
4554
7995
7427
8319
6504
1968
5851
2528
4888
3646
5853
6681
9726
4236
7050
9087
8271
4476
7945
8800
2440
9476
7529
6304
4742
1245
533
780
7507
842
9091
6402
6339
3857
5962
6995
4221
7571
7486
7549
6140
5796
66
1788
761
2024
7387
730
1312
630
6047
1423
1443
4030
1551
1781
1554
7557
5694
4320
1823
8673
9267
6571
4716
5000
4989
5657
2685
6937
5162
2995
9459
9052
3661
5856
6059
8661
1492
7399
1795
2705
5425
6378
7183
1915
1362
8564
2133
318
1698
2605
2042
5506
7402
2717
236
772
8028
5312
443
4250
12
8774
8112
4860
9951
5340
764
9115
5001
6256
6536
9460
9605
6763
8801
688
9480
800
8696
9467
2450
8031
4418
5250
5177
1342
3768
8179
2980
9395
2629
5874
3172
3069
7651
7182
7126
2686
6137
3894
5267
7971
2535
8884
9127
1664
938
5889
8915
1296
8171
8995
6589
4286
7173
3549
1360
9395
5915
6678
6718
2462
959
5198
1219
2456
3591
959
3711
4826
3977
2585
4514
5090
7506
8252
1769
5109
9470
5251
5283
5040
3079
7104
328
9686
7050
8065
5462
8919
634
575
8022
1249
1058
3766
4331
4481
7642
8351
5133
8585
6645
1883
5267
3828
4787
5207
2521
6931
1178
9966
7332
2103
4666
3671
5083
8405
7637
1651
8352
6375
3022
4520
3915
5706
1318
4859
2142
4228
6814
6684
4826
2649
299
1318
3186
4662
6309
9761
4701
8276
4126
5861
61
279
9499
7661
1013
7043
4709
5655
1292
9492
4722
7114
937
8899
8461
2933
9532
8006
6792
5499
7657
7910
8853
7116
5725
6033
3552
8238
6710
9219
3530
9638
4062
8859
6257
2092
6122
9836
8584
7824
8449
4261
5521
8484
3956
9784
4589
4125
145
5991
4341
12
7254
9293
2636
5016
7438
4093
832
8243
7082
3651
68
7856
9240
5443
2077
214
4131
4688
8550
5602
2600
3461
6424
7438
14
6949
8378
553
6749
5104
4336
7571
3696
7374
3762
3297
6031
6175
7463
7875
3251
9492
418
5084
4254
1690
4939
1885
9590
8263
8616
2164
7370
175
6122
7477
610
3263
9502
3774
1851
75
1576
2794
7650
5628
9704
1825
3117
2656
2214
21
4412
9716
6610
4503
923
7474
9389
98
3747
6639
7774
531
211
3583
3800
9170
4861
9106
9077
4305
7591
4758
8982
7099
6358
5243
3369
4383
1879
2937
1165
4605
854
6947
6153
5890
3371
6696
6820
6840
334
2631
2908
4843
4353
8319
2804
6154
5982
3201
6519
1145
4083
7230
7466
8586
5239
3672
6633
9466
32
5806
571
6195
6793
2245
4209
9015
5189
9567
1254
1735
6277
9396
1736
4415
3214
3095
8494
7763
9833
1494
4540
4514
7005
1414
2161
5321
7075
8072
8973
390
6785
6086
2559
7319
7512
9089
3215
8973
9344
3871
9487
6726
5046
8198
6509
6941
5734
8787
3906
2321
6718
2135
996
498
771
5819
9496
30
8636
8971
2802
4978
5026
8287
6842
8648
8028
3729
4373
9053
7774
7271
6879
2320
436
664
1470
9608
3111
5190
7178
6336
528
2334
2370
2608
9095
2789
3351
6984
6465
3136
6209
9549
136
6578
872
624
1214
7947
9864
4158
2787
9622
8726
40
8482
9732
419
2121
868
670
4714
8602
3567
557
5573
6702
1510
6168
4344
3714
1123
8683
1878
1265
5787
7213
3493
4553
6907
6820
184
4635
9053
1799
4875
7604
338
1750
5112
5749
1432
8865
6920
9415
2888
5529
1517
381
1727
1170
2414
9451
9913
6333
9457
5508
1991
3969
7339
6811
5076
1377
8818
6397
5819
7044
9834
6598
6851
7948
4454
1358
6446
3588
717
1853
3495
7653
9562
6618
805
6899
1378
1026
8139
9155
7394
3141
2583
8495
3452
7119
2771
4922
5519
5737
5661
3874
799
7245
4535
7750
2799
817
949
1262
1660
9454
4159
8560
1614
400
9021
8722
2287
9672
4020
2241
1355
3063
3334
4185
805
854
7392
8847
5102
3707
9874
2669
4028
1002
3544
3907
5639
4249
6052
4786
9339
4803
7477
3513
7642
2867
7748
9263
9583
7120
8641
605
3859
4033
2244
7578
4160
1756
2409
204
4063
8764
4883
5129
1848
4918
2570
4830
7204
2163
568
2744
514
9087
1048
757
5931
8300
8953
1675
5501
5172
4962
7231
1754
4580
6963
8522
9107
2988
1500
3100
9604
7805
1924
9360
6591
8682
8131
6436
4493
6940
6890
8561
8660
4780
7806
7153
8213
961
4451
1906
5039
3639
714
4222
5528
1943
5793
4005
5336
2007
5484
4237
1957
2704
6303
8673
9951
7904
4665
1904
8822
1650
8876
506
7715
8278
618
3286
6231
4247
8561
6558
9005
3252
1030
6419
4514
8675
7514
4724
7362
3460
4037
8286
1831
5064
4019
5981
4821
3679
4696
4498
880
3742
1441
3574
8208
5780
9636
7702
6479
1625
6452
7868
1805
387
7320
929
8304
6988
4336
7495
2393
6020
9934
7477
3146
7275
4777
8227
4896
6714
4445
2048
5676
6684
6353
4149
8732
9014
2878
1841
9769
1531
2747
4685
806
7365
8059
5121
1854
1412
1385
1853
5510
7783
9966
7401
7931
7332
2625
2987
3294
620
8519
4518
8448
3084
4492
2649
6975
6420
8246
3070
1552
2424
8522
2700
1405
9246
9799
7950
3564
2383
3083
6303
1047
8868
7398
6934
9795
4656
9077
7457
5532
4414
5673
4143
3424
2440
6483
5385
776
2107
4596
6305
9738
5737
5290
1042
2935
9219
3029
1117
5500
7636
2737
745
1834
7122
359
6341
9866
6824
4600
4937
6542
9186
643
3727
8951
9698
4523
6450
8804
3945
4088
3146
192
1346
6125
4223
9847
4899
1160
3114
7550
8382
731
9658
1104
8804
7495
7255
7869
5454
6667
6387
4795
5991
8728
2915
8496
6424
3681
4126
5047
5351
4893
4848
2107
9630
4580
3228
9546
5492
2591
2222
4521
5286
7460
4783
5817
3516
3912
9307
8735
3237
6847
307
4668
2475
1025
8575
7268
48
2319
176
430
3428
2748
5626
5194
1031
688
6037
1733
9502
819
9430
67
2908
4207
6185
0
8525
446
4180
7296
4271
2236
4323
6829
3058
9058
3229
5714
7774
645
5124
7459
7200
4380
4910
5498
5330
691
8559
1727
3887
8574
706
9168
8576
5210
5506
2063
5333
1113
6267
7599
7152
9825
8557
4915
7579
5212
6766
7133
9694
1211
2818
2003
4715
7117
5805
2131
7351
5279
7517
8426
5252
1631
5701
574
7431
9340
510
9764
4804
8335
5305
6752
2357
2524
4253
7561
4275
1007
6155
2506
2685
2041
5070
1895
7494
1331
2543
3173
4194
2303
3755
7851
2050
8197
5148
6117
4987
2820
4621
1209
264
4164
555
7072
1080
6181
8634
228
1228
2958
8089
1523
1583
2022
3216
5857
7600
1227
6317
6836
4384
6636
1277
4531
7939
6338
707
8342
8178
8792
6299
7375
4331
5381
4520
5409
6471
4935
8910
6786
5019
9074
1362
5859
8696
3034
5590
6864
5628
4894
7606
4165
5703
720
9820
2433
5628
7805
2894
5122
8661
354
7250
1229
6630
3991
4957
3128
239
5160
8096
9831
1041
5067
3467
4841
6148
1895
3070
6990
3506
1070
7216
1622
6529
3556
4228
1261
8793
9547
4283
2156
8105
920
3178
2680
3967
8027
1155
7623
3441
1257
7457
4569
9638
7538
1036
6172
2285
5462
4338
8818
9737
31
2057
9122
4637
5516
3044
8876
7707
1023
5922
2126
9199
4973
3819
2350
9755
2006
8512
9520
7153
218
7416
2218
3287
6918
9170
8164
4984
3173
4055
9347
7213
9784
7937
7964
2186
7114
315
3450
5136
2224
6292
8311
4441
6966
8840
7534
1389
8512
1422
661
2810
5171
5281
5696
9754
5643
1881
3787
5659
51
1194
6018
1563
5711
5443
5006
5111
3016
2779
4565
2623
4614
3181
4353
7836
5507
2037
1467
9
4799
3373
554
4923
9768
3450
6175
801
4552
196
7454
5105
8865
5739
560
6913
9592
6192
5531
5679
6594
396
156
4845
4334
564
5711
2456
5100
8392
2750
6810
7971
8595
2841
7239
6271
7632
3867
7579
2704
6444
729
597
9371
6276
1246
2326
4468
1856
5500
4751
5439
9881
2918
2777
982
6389
484
399
2058
7783
290
8661
4235
1133
5134
7579
3305
965
1849
1338
3460
6940
2771
4948
832
2221
3910
6042
1437
6395
7238
8775
2955
3894
795
4793
2520
6363
1317
1431
3040
8615
1870
9379
8044
2559
262
1255
5567
4932
3276
1879
8870
8267
7304
6985
8852
4160
8558
2955
7452
1464
8396
1818
6358
4946
2371
3989
4954
7404
4781
6152
8671
8562
7528
1689
9389
8424
3039
4743
3474
4590
2358
6384
240
9624
9796
3435
4623
8976
6667
8601
9356
8745
3841
1847
479
8458
6690
9637
2214
2891
2606
2173
1062
8524
6027
2177
3013
8927
5807
7192
7691
1609
4599
6928
502
6221
6208
7341
2560
2161
4616
2894
4368
187
7427
2729
6166
9532
5594
949
5281
3277
8966
7460
3685
9835
5245
9733
4508
7298
6150
495
9875
4447
1579
5941
8556
2648
3316
6563
9573
1994
151
5483
5015
3945
3524
3013
5330
5754
5483
5896
5847
9364
5566
714
8486
4094
8895
4163
2042
5836
1207
7644
4956
8650
8265
3145
3520
986
9911
2535
9077
1441
3737
8209
2222
8687
6968
3949
4330
8551
6485
2211
851
6655
1197
2722
9270
9447
5213
5304
1199
3211
4031
6992
4107
5455
3659
4834
5388
2723
2453
8071
6324
7050
4156
2709
4098
9965
7488
2634
1844
849
8539
6565
2247
963
6441
7989
3976
2794
1454
9290
6816
2435
6458
4465
2923
3962
3244
5325
7840
93
7091
1700
8699
8490
6175
3030
8419
2667
4488
9244
9695
3686
9641
5367
5425
502
6490
4445
3569
4063
8959
3935
6760
2739
5525
5642
3233
3704
7589
1007
3538
3303
8025
1171
3920
8819
5551
98
4757
5766
1742
199
2168
4153
9469
3409
9914
9652
2764
1160
9550
1624
722
3671
2929
864
1590
9251
8868
8761
78
8471
8075
7246
5236
5809
8146
6985
4243
4606
996
8759
60
1597
4141
8774
9181
8719
4751
6186
6565
2215
8014
9323
393
4332
3512
1924
3
8859
7565
6310
3787
9387
8895
9162
6724
5590
4213
1032
5280
8944
9238
3979
3485
472
5605
1875
7110
8752
3918
2925
5707
5857
182
8361
9857
6703
9912
1761
326
3140
3493
3741
7958
597
2764
4851
5194
2225
2764
4382
6375
68
2972
1171
5637
8030
6403
9971
2972
8154
8968
3267
8140
4448
7974
9717
2820
2835
5348
2933
8672
5390
6428
2453
8150
741
2168
7023
1875
8051
4197
400
587
2481
8241
4977
4316
9873
1452
7007
7049
340
877
6101
8667
3706
8999
2552
9835
5582
5668
9225
9557
8870
1020
9583
2897
1897
1317
5282
9959
4200
4635
9321
7665
8266
1299
7050
6283
3107
7378
8259
6408
6454
5767
3053
3936
8635
5733
5061
7921
513
641
8490
7927
7163
3454
8103
5926
5386
6894
2666
5937
5923
7569
9228
4089
43
4719
1659
3260
6803
4533
649
7737
4355
1038
1567
4221
1256
4574
531
6407
2891
9522
871
3231
1870
486
4032
1754
8105
4724
791
1522
5130
5784
7789
1249
4246
9295
8088
3887
1005
3349
7481
2155
5467
6828
8770
5497
4740
2132
703
551
6204
7269
811
9328
3355
5662
1159
5924
105
8933
136
4776
9615
7754
5696
3564
8033
318
9777
6824
3139
2462
6139
145
9899
2852
5979
2662
3528
6147
4357
4987
529
2619
6627
501
7626
7331
8572
302
3658
5455
7644
2871
8384
8178
4625
3368
5497
4673
5130
4362
2134
8727
4222
2490
5542
3037
7353
1202
7130
4261
7859
9616
9149
2528
4068
5051
515
5411
3722
9394
9702
2992
5648
1093
7364
5290
8011
4741
5855
3117
9299
488
9718
6521
2643
6148
5350
2000
936
1455
3074
1117
3568
6755
1642
9683
9491
7663
8867
665
88
712
679
8039
4020
3439
107
9832
9418
7522
4251
4421
8969
5667
4452
8405
4829
9730
1091
5261
9178
1575
844
8830
7059
7709
1551
5815
4929
4381
9371
9643
3931
4390
7165
69
5374
7898
8850
3451
2357
6194
9568
9005
8292
4536
7527
3061
2706
4509
3390
4824
4935
3514
8116
5495
9537
9177
8043
1870
2099
615
2236
2560
6458
8226
5053
1126
3050
7518
9127
2441
4918
2423
2737
6641
7059
7418
1947
7723
1738
1891
5510
4041
64
9548
7265
4178
3949
9857
2718
4075
8812
6503
4541
1276
1581
1432
1958
2374
7173
7331
3819
9191
594
995
6259
5653
5147
4657
6327
3505
4732
3121
2578
4741
2598
7221
2914
9445
9251
1629
7625
968
7403
6886
9022
2866
8358
5050
6162
5294
1994
4078
1707
7357
2819
9165
327
9932
574
7289
2663
2636
8540
5803
7441
4144
7592
367
8505
8189
3661
513
7636
4021
316
8440
6867
7350
2631
1962
8564
3736
8949
4038
4908
3772
1005
6307
775
8804
3851
2476
8098
8842
152
2959
4252
7002
2759
2296
7114
4466
276
7088
2254
2910
7939
8882
631
5063
8433
9301
3573
6836
5097
5612
545
4648
2828
4086
144
8295
1796
9008
6107
1554
326
2999
4025
8961
4136
2607
2419
2936
9497
1153
9881
4758
7222
517
8062
9921
8475
619
7313
9103
8214
2961
5452
3038
9559
3969
1487
1928
6099
3440
2134
5580
2050
1625
9335
1559
8935
8062
8232
9645
3590
3435
2600
1734
4364
3854
8001
9715
637
7307
2858
2669
2764
9670
1031
4346
6932
5307
7426
1587
2541
755
3255
6769
2384
9864
7437
1603
8716
2836
6343
3115
8732
4771
2072
8310
9923
6101
9595
5567
46
2003
6111
5939
9625
8203
4915
1221
2308
8589
9123
4658
4863
8681
7128
1913
3599
4932
4464
8049
4890
5076
6574
5104
1727
1564
1391
4049
7195
3705
8691
6842
8993
6656
4405
6907
3582
3602
8588
6047
8717
5813
4912
9162
503
2182
1112
6375
3354
6064
6713
4868
6920
8829
8506
2841
5885
6171
8780
3663
6024
4925
3674
9484
2194
4820
9470
3963
8138
207
6896
70
651
8799
1839
1273
4734
6135
1927
4065
7470
6463
2452
4018
2850
99
9489
542
2904
5974
1154
9092
9979
8629
707
2631
37
7300
1752
6084
4659
2533
7201
7302
7717
3827
2235
182
5049
751
2687
5174
2741
4267
6103
4122
5063
3365
4397
2180
2200
3006
5341
5785
4402
1454
5709
7716
6636
8027
9793
1576
3645
1284
6725
6301
1754
5644
6820
1661
2272
1748
3581
7086
8658
1915
867
6741
5124
7651
6233
5613
847
6718
3467
9319
9944
8753
7930
2683
7023
5317
3828
2456
196
2736
4042
6273
753
4742
9196
7752
1196
9491
4584
8625
4201
1756
5520
6621
8265
246
2924
6528
4131
9811
5620
2410
3375
5901
2162
2347
2857
3620
7197
2568
8394
4052
1690
4895
4000
6631
2218
2663
5886
1377
2524
6024
7444
9602
8362
2279
4838
8255
7311
9089
4931
6385
6408
169
377
5626
2417
7556
9502
6511
762
6062
6356
9652
5130
4821
4204
2807
5943
3157
2078
5410
9492
3967
8729
6312
382
9059
10
7872
3139
5947
6432
9682
5301
3020
4968
1383
6218
4599
5029
3991
5454
3278
6159
99
597
1589
6083
1847
7602
3242
6209
6929
4523
9574
2511
8300
5918
6105
7231
3176
1895
4557
5557
8719
4402
8807
8702
7950
2494
9927
9617
2839
6549
5932
1621
7133
24
1082
4674
2642
4080
3481
9755
9429
9961
8454
9582
4355
9171
3822
7850
2757
2588
7998
6812
337
2958
429
5524
2625
3376
7901
3894
2935
9141
659
960
3002
5084
3401
6976
9158
2282
2067
2974
6490
636
1815
8255
1134
9449
8512
1909
9494
5457
374
1792
5349
5520
939
1161
9962
8895
7405
1870
541
6430
5125
9871
5840
1401
2288
8524
2431
9398
6818
4168
6856
7228
3170
3860
5634
3663
1098
8213
6400
4860
7008
3887
5993
9309
941
7059
1276
5427
8404
6022
8373
5786
189
9420
326
1585
1596
6271
6109
4981
3668
2605
7696
1141
7767
9333
4650
9988
5612
2111
8165
568
2022
9320
9092
5409
4663
9556
5855
4787
644
9330
1829
454
6062
7496
9842
4592
3516
9071
255
571
7391
4219
105
3004
3057
8042
9034
2436
7205
5389
5155
2973
2338
6520
9877
2222
6999
4552
2464
4516
7603
7023
4250
7408
9853
2559
5801
5264
334
8285
589
4416
8124
1076
3370
2367
1719
1433
1341
315
62
3413
6700
4488
224
1868
7049
9232
4377
9134
3927
2358
3057
9580
7220
843
3293
1308
444
2505
1925
6738
9372
9806
8222
9670
269
5515
9998
9803
3534
8412
6851
3895
7250
7249
9511
9516
7985
2960
9799
9409
6700
6624
7209
6690
986
4302
3136
6296
7768
9826
337
7957
9820
7254
7802
1952
7826
7789
6795
2832
3159
5146
179
309
7522
846
8922
4532
9234
1329
7130
209
665
5358
6295
8561
1075
4074
1479
6370
6704
5537
8740
2887
8569
952
8459
9020
6464
9401
6671
3481
2108
8227
8094
6004
8948
1206
3733
6528
3767
754
2947
5681
2264
5335
178
7987
5544
4371
6912
83
263
3799
9425
1777
2409
1817
6728
3940
1285
8698
3005
5873
6131
3700
6482
9184
4614
9164
8084
6307
9056
1027
8392
3917
830
7617
3445
2165
4943
687
120
3562
5024
2165
162
5928
7764
7307
4721
1387
3711
6992
411
1134
50
9876
5255
1540
4252
9958
532
9361
7810
2640
138
9975
2193
9740
3169
2877
5552
4492
3289
3355
5701
4665
8952
9441
3446
4654
6868
1683
1767
5614
4663
896
7863
5258
612
3614
3338
9999
3423
2954
3464
3605
5818
6960
77
9378
6079
2850
6280
4653
4247
3435
6730
1628
4997
7446
838
7209
8596
2016
1839
9107
2947
574
6125
4399
269
3370
5108
2434
4230
2673
7887
3569
5291
7247
9185
2453
5985
5702
6633
7394
9489
8578
1971
2000
3040
1412
3449
8940
8818
8812
7706
523
316
3960
1510
705
3705
9349
3319
6587
8900
2967
2148
6717
7097
6358
3440
7291
5779
7486
5258
6238
932
3194
8213
448
6295
9752
5167
1941
2005
907
8754
9665
7761
6634
4325
9576
3002
1363
9238
9375
7554
4659
19
2779
9697
8152
8656
6538
509
6369
3612
9635
6715
2137
2070
91
8312
8456
3324
1696
3050
390
5774
7437
9625
839
8853
1254
6208
438
6390
8341
3225
7818
8157
7558
5552
7841
1981
5084
2444
6682
5854
8857
1626
675
497
4451
1903
6975
3090
5302
7246
7252
1873
1551
4123
4478
6329
3955
7196
3181
6265
7005
2392
1535
6841
7047
131
1172
3609
8000
7333
2302
463
1759
2945
5652
9600
9443
188
8154
9701
1625
4942
6238
8569
6288
2662
533
8065
2666
3594
5822
5097
3171
6861
4273
6177
49
1530
357
971
999
5324
9140
7026
8817
1891
4984
3707
7805
5180
3985
9415
1087
2698
9310
691
3743
3912
555
9543
4703
646
691
6244
9053
8927
7378
5850
205
1246
9580
9793
4975
8635
3345
8856
5455
2123
4939
739
2623
4809
8913
4200
4680
3268
1880
7897
4036
6343
923
2718
9212
5968
7198
1427
2780
1932
5374
9066
2061
1951
8879
4803
7709
7224
2755
6526
6409
2529
5173
8359
7878
1775
9929
129
7802
2903
4241
3762
4970
4647
3713
2129
665
8378
4825
4842
6237
1434
4294
6897
7408
6424
463
7082
7120
8612
2255
474
2874
4843
4128
6794
7229
2107
1506
2406
4411
8140
7466
6225
9092
8412
8472
2925
9380
6009
8568
2963
9096
2543
1275
6159
5646
8110
6158
162
7413
882
9398
4232
4114
4091
6970
8774
2394
7209
8327
9454
3395
8581
2544
3054
7994
162
7259
3463
9530
670
1106
6543
2051
9864
684
230
103
4850
8973
3043
2844
2356
9628
5654
9262
8349
7562
1241
9309
6866
6570
7989
4335
4647
7220
716
1385
8212
4272
9989
856
5768
5409
4634
6703
7810
5037
7038
7452
3297
8258
4337
8623
9907
1431
2758
1478
3564
7605
9852
7403
2541
7927
4943
9706
3206
811
1600
798
1151
2127
8090
2491
604
9170
8208
1308
8237
5815
6213
7677
5654
5319
5587
5564
4618
7660
5320
4649
9430
8089
4349
7544
8692
5299
6544
6215
7112
9096
9256
7256
4949
6744
9999
762
7959
6626
253
6884
1853
1204
521
4887
3542
944
8856
8553
8142
6300
6329
3173
687
9560
3676
8782
3507
7527
3205
5773
1347
52
5188
1096
6897
7752
5074
9308
3287
9319
5488
975
738
2609
5984
4145
2130
9089
8323
5795
691
9453
7541
3672
1409
1481
1633
6875
8888
8998
2700
1903
9452
6645
4852
2364
7383
3139
8370
3700
8788
4674
4952
5747
1900
5444
1016
5577
3468
7098
2491
639
5223
4056
4911
277
2587
3983
8221
4261
3782
3866
8658
7303
862
8890
7914
5976
2704
3378
4200
3865
9466
2117
8339
6888
9717
4579
8270
9920
6844
3337
2319
6225
6164
3626
199
6386
4092
9210
4994
6733
5498
2377
8368
9393
5684
1570
3060
3469
6389
5202
8202
7013
2160
3447
4701
9353
8547
7622
2346
727
842
7082
2081
8812
4701
2472
3981
9815
7590
8864
7474
3490
8683
2677
8359
1957
5578
4120
7449
8567
2025
8565
8088
7783
1601
7719
6849
5749
7174
3713
7242
4118
4250
555
558
773
2784
5465
7755
1487
4422
5541
7823
5761
2228
2974
8277
7430
7625
3695
1666
9004
2947
2106
1857
5181
7437
4559
7594
2262
3450
3580
934
9541
3484
1382
4658
5060
7819
3118
7378
3735
3425
1714
3220
3672
8524
2044
3874
1741
7759
6619
5178
3144
495
8890
2223
1043
6160
7070
3175
5705
8515
4549
9006
1648
5517
9859
1151
7020
293
2713
2106
728
6255
582
3501
3786
8472
9066
9427
3669
5302
6470
8472
7893
6694
9021
8109
9284
9032
5394
6268
7402
3072
3952
9373
61
4471
7967
5591
8121
7817
1097
2224
3321
7842
9381
8840
4588
4360
5570
256
9039
7375
259
762
4391
6527
5797
902
2888
7116
8894
4479
7989
48
9768
8514
7753
9638
6407
2430
2155
6699
2249
4365
8880
4054
7166
4922
3716
3890
2592
942
588
4804
3350
8359
8434
8484
8821
1960
819
9177
8072
5418
7506
6248
6592
6107
2736
1803
4843
346
7593
3712
9992
4357
9257
4691
9591
2813
2663
924
9690
7272
3774
8939
3556
8817
3564
8737
5914
1852
8798
6274
1534
1919
3836
1183
2977
7110
3199
1856
4950
8571
6114
7992
9857
4425
496
6314
4482
6171
146
6282
60
3412
3072
574
794
2915
4945
1964
6137
7105
2422
5964
4042
4435
5810
3562
4807
3194
9916
8909
6577
7145
5437
5996
5206
3318
760
5119
9257
714
9912
9052
832
2212
1433
7170
6434
8609
7061
5662
3195
4186
1580
6294
4553
2615
3420
8106
6246
2855
278
5638
7364
627
9880
4225
4147
9820
1997
9523
8330
9401
8559
3366
77
832
4882
4269
6096
8237
8182
3919
6066
7516
1535
4822
3346
1056
6781
8651
3314
8658
1381
3798
1045
7590
8162
7315
2126
2061
8961
6262
4079
4233
2028
259
5040
287
8782
4746
7285
7665
2962
887
5829
3422
2413
729
9095
4569
4544
635
4531
5928
3860
2174
4587
604
5542
5133
6949
3101
5712
8036
9999
3133
3547
1357
7087
7231
4816
6252
738
9562
8063
7676
53
6379
1233
415
4240
1636
1653
7977
1844
5097
7301
2481
6815
8282
598
3455
7422
3541
4043
9390
739
4134
745
5334
5420
8052
885
4247
4331
2307
3001
1893
2090
5443
7641
675
6778
875
9647
8149
9325
8950
2833
3744
8983
2967
3511
1960
9443
3181
1081
2838
825
3673
7497
1428
3167
7123
4564
1972
9460
5654
2482
6483
1312
5874
104
7141
645
6792
1028
4102
6054
8957
7242
3580
1530
3815
486
2338
6483
9108
7939
7005
7061
8203
338
5519
76
106
2796
8065
893
4454
582
3928
3521
6256
99
5145
3005
8181
4309
6592
4912
7257
5620
7788
661
6809
2838
4255
1007
3820
8156
1429
5635
4707
3701
5863
7500
2852
4461
3135
9076
8436
6625
3010
166
1029
3340
9136
9256
6315
1807
2727
832
8798
6197
4402
2252
129
4053
6346
2037
3004
523
2691
522
2936
6261
7729
8266
5867
8974
8282
5041
334
9912
907
4941
1076
1879
6451
3567
9477
4016
1027
3957
9172
6977
7954
128
2870
5134
5019
7833
6230
5455
80
8794
7467
4472
4489
2325
4841
433
8112
671
5450
256
1752
1509
8075
5437
3807
2509
2548
3623
2549
5844
2732
1991
8792
3839
9376
2024
1384
4080
696
3717
1184
3548
4658
1230
7051
6973
5259
2442
4457
7745
6353
5673
9564
3746
3683
6041
4643
7545
972
7117
2285
4315
6349
5697
3452
3112
1815
2243
2253
3706
50
7307
5119
2223
3038
5292
664
4928
9395
323
3466
3071
9396
919
3116
6431
3902
9908
9402
2515
7998
5389
7022
585
8521
6171
3169
2950
9171
6062
7139
1535
6348
9758
2980
5224
8531
7214
5166
3436
9034
3484
9148
6493
4929
960
5365
9107
7469
477
2170
5040
1946
5605
6076
5062
7195
352
3579
2151
3412
7288
9655
5133
2201
9794
2656
9252
5401
260
2639
4879
8424
8955
5725
8757
2757
6269
2381
6627
7025
7382
323
7822
5193
453
9886
3810
3373
6042
5198
3040
9098
1772
7574
5595
5682
8161
6118
6310
5673
2916
2329
6167
3165
8341
8170
7572
6615
9728
4257
6311
5459
9196
9475
2966
5752
9115
9636
5068
8650
8134
2419
5794
817
6603
7830
5161
6190
7994
7354
3969
9440
9126
66
3920
3569
94
504
4830
2178
8742
1666
5838
8679
4418
1694
8739
9677
2705
7203
2711
9144
7034
1137
3715
2578
1696
5143
7244
9798
4359
3602
5821
4941
9200
3479
7668
996
893
6941
9773
7503
5949
8608
9883
5515
4776
1113
3569
9229
3520
444
9629
2901
9501
4970
4910
9429
9124
1861
7840
4743
8504
7413
2331
5706
6652
7321
8554
1149
764
871
3957
7289
6102
7192
292
4030
2006
3228
9688
5657
500
6717
7141
6555
2022
5257
1198
3193
8770
2741
7752
1131
4556
5760
1930
9790
317
5410
2052
7852
3848
9106
6377
2846
3126
7567
7879
8963
3835
1966
9874
2101
274
4565
7400
3180
2461
1092
9838
8413
2918
4530
306
2686
9944
2588
4197
6264
2117
8966
8888
1054
1190
9886
2926
3964
3914
5233
5604
3952
8958
7641
8768
7238
9384
8067
4083
2135
6877
7525
401
8873
4657
9528
5713
7294
7878
1842
1339
3964
489
7314
578
6605
9568
47
1819
4378
4482
5679
1417
8560
8167
3876
1923
7322
3036
9786
854
4939
3755
3189
7446
6263
3389
7834
8802
5409
2523
7916
868
5596
2800
574
8556
7700
4823
8294
9008
1878
129
8463
9494
3030
2692
9004
7370
9203
3253
3276
8153
2518
3370
2180
421
1748
8583
1700
6095
1238
3789
7481
37
1075
7981
920
8419
4722
1413
2887
5077
8531
4613
382
3263
4461
5721
6750
5833
2865
9009
1858
5883
867
7151
8357
4596
5494
5968
2906
1851
9883
1363
8665
7363
1785
4023
3140
17
8918
4603
5542
8569
4844
5246
6851
2361
6810
3809
2782
6846
2355
8535
4393
8448
4186
7365
3855
3227
4985
3373
5745
6519
491
2753
111
7464
9407
3837
5491
8799
9919
2746
6415
4021
2185
90
2924
3956
9980
8762
7703
9121
2229
2633
3592
1329
8947
3669
9485
5765
3730
1489
1873
2749
906
3891
3976
6717
2885
5240
2503
2139
510
1825
2487
2757
5825
7567
4492
13
7674
9516
1487
3565
4326
2722
2670
4029
8154
735
7115
961
7996
6657
8277
6123
4338
6885
1031
4607
3990
5807
6626
6235
9166
6863
8132
2182
997
891
1116
8274
5414
4366
8570
4067
231
1483
3864
2631
2011
4457
8367
8813
4414
8634
5520
8314
9939
2481
9340
6300
6787
1252
6457
2097
7856
6851
5870
6913
5431
3154
4694
9914
6661
6569
6796
3443
786
5435
4256
8160
6610
6816
1713
9526
4233
1393
3261
7913
9212
6247
4580
7769
9123
8576
4948
5651
7377
1317
2853
4223
2398
8739
5891
608
1502
4355
2219
7133
1786
2521
5981
7560
5064
685
1951
6342
7279
7420
5717
2159
8287
1305
4449
1089
3062
748
729
444
1282
9096
7662
9279
535
6485
3237
9608
3655
486
5771
452
842
835
7978
5674
8154
1509
858
6263
943
3473
7591
8166
2911
4810
60
2661
4132
2127
6916
8997
5360
4193
6355
3927
3776
2734
6508
3271
6545
926
7242
87
297
7454
5388
8803
3775
8895
4466
5532
6929
224
9062
5021
7541
7669
9347
9761
9177
6499
1816
5559
2600
5405
2806
1310
5008
8944
4948
5015
1281
4673
4471
1470
8843
72
8337
5211
3070
5703
7577
1044
9867
7870
7482
3889
6721
6845
8339
5671
3885
7411
8008
1930
8661
1889
3434
9640
8946
64
7563
8734
4791
3040
9440
8565
2250
3225
6897
3981
2778
6486
5670
5913
8354
7365
7736
2338
6517
4554
73
1472
4052
628
7831
5572
3865
1765
1578
1451
6547
8677
8898
1970
2234
3329
68
604
2668
1170
2540
652
2372
883
4370
3995
312
2722
2956
4666
6052
7778
84
4953
4874
5783
4642
9484
4099
1280
7061
6129
7230
5715
1018
8154
3093
4543
1950
2255
5593
7842
2905
5000
3176
7434
66
1156
4945
5799
3979
1897
7227
3962
8619
1032
8620
267
9047
6799
905
9448
4241
8381
7272
5077
8628
7440
5462
5041
8961
7320
5552
5006
3144
284
7476
5161
2040
4546
9006
5219
3240
3896
4442
3049
4297
1829
5002
4156
7850
7237
8757
595
9441
7717
5546
9252
6682
4750
2795
57
4221
8425
3117
380
6527
3240
6532
4310
7154
8315
2104
3372
3470
5589
1067
7407
2998
9509
194
8610
1977
4029
1962
8412
5518
8321
7286
8214
2572
5993
8623
3107
4740
8961
1591
4596
5219
8498
4560
7071
1929
4914
9852
1886
4851
9811
3738
6934
5451
2543
376
3350
8036
3823
5385
7113
6597
7019
5806
6812
3718
7827
623
6990
5700
914
3875
7020
5948
9963
1658
9603
3098
9283
1111
6096
5324
7410
7235
8530
7193
4847
3291
8845
7836
2905
6243
2678
5763
90
6692
5316
8899
7334
3807
3868
5424
7753
509
1405
4688
1648
6985
8364
9351
4681
6085
2408
6484
6831
2140
5765
6693
801
5494
6135
1374
4952
7707
2907
8578
8548
3061
8224
9064
8352
2812
1749
5791
8147
8413
4591
2789
1344
8229
3042
3785
3845
7756
5517
2048
9786
5535
9570
4116
5325
2450
6519
8035
3204
5759
1468
2459
4974
4870
3330
3275
2621
3640
6879
6857
5566
7290
5024
8537
8703
3143
7472
9020
2752
5374
8918
3437
9465
4626
2267
4773
1005
6089
149
9590
4950
8821
1354
115
7269
2648
8461
9071
4325
9188
1095
1102
5131
835
6245
5911
261
3360
9082
4259
375
8649
452
8105
6421
4705
9370
647
6701
161
9846
3680
6801
9399
6290
176
8484
7644
6809
7671
2381
6439
7639
3870
4719
4371
6580
6131
8057
8729
8337
6763
6036
9306
8415
2010
3687
786
6249
8512
341
8102
3383
8198
7057
726
8081
8207
4828
9937
4448
441
6581
4845
8515
1831
8628
7228
4922
5667
1440
1472
6023
3788
6835
6077
3568
441
4119
7766
549
6050
151
2715
4404
4509
5189
4521
4167
9379
7077
6835
8883
2274
6678
7112
9299
8393
5158
6018
4129
7520
4646
8387
8485
8938
7417
7558
6834
9669
5971
9025
243
2200
7969
4015
1179
1409
7521
5937
9627
6796
1303
9976
4709
9058
9211
7368
6555
3435
5420
1635
6340
204
7252
1327
5920
315
1968
468
9114
5696
1991
7336
6567
6775
9963
4542
9142
7358
6172
8630
9720
1925
7907
9663
698
9376
7620
4999
973
7060
2794
9811
7872
5144
7198
8539
534
499
9939
3892
8681
932
7466
5710
5108
9548
5855
7271
1943
3796
646
8426
8218
1071
2639
8827
2655
2790
4646
5158
7085
7790
4514
746
3501
9061
6911
823
5718
6288
8680
5236
2830
4519
9634
3592
3936
6560
9101
2457
3034
930
9913
1596
1720
376
2802
2289
6795
622
1915
4245
6977
8978
8003
1320
1945
9828
201
562
9578
3051
1719
8828
8401
505
4840
2728
7231
8711
4776
5017
9562
4258
5052
406
6026
4971
8191
960
8465
607
423
4604
8819
9304
5213
7977
5104
4140
5068
5288
3722
2018
5269
4473
3128
504
9955
2044
9360
1854
3773
2928
7114
3822
3727
1940
3128
3428
6500
8911
8122
1468
6881
1333
5102
2636
6488
8918
1609
350
7360
684
7119
2246
3230
4058
7666
8350
2207
1300
796
888
3203
8992
7509
4396
2418
6348
6274
2319
9105
2942
1563
7234
5259
3604
3284
3132
1719
9026
4806
3621
7290
3461
3942
4340
4702
6231
5096
2511
4255
9096
3488
7885
9153
9243
7450
2581
922
6028
8236
2081
740
6377
97
6224
6023
7179
3755
1276
4838
1659
6962
3007
8000
4225
2720
5565
6442
702
1008
4180
7332
1675
4739
5589
2136
1421
4338
8825
8140
3773
4510
359
6848
204
2564
526
6527
418
8282
3648
4324
1487
8492
2609
3531
1667
6186
5607
9022
1187
3162
6791
2991
3055
2195
1980
1914
5689
2324
9075
6650
3135
112
5815
2877
2030
6594
9785
5700
5941
4403
288
4747
2776
3907
7925
4996
5835
8872
6896
6290
9592
9068
5872
7824
6057
9838
8684
6058
1162
5310
3685
882
3445
1666
9861
7439
5924
5793
7482
3334
269
6018
9809
8725
6280
5114
375
195
1399
4280
9212
4960
3858
8350
5381
656
8329
2401
8336
2955
4043
9682
8027
9722
8694
5118
735
3405
7002
4356
7415
9527
6860
4986
5555
2231
7655
5393
77
5457
8944
3315
8760
2821
8323
4149
7496
525
8817
7884
4007
4404
3663
2108
7146
5603
2850
384
5179
1359
5412
5689
6639
9995
9717
3062
3077
4318
897
923
3836
3347
9660
6143
4156
630
898
4465
9291
2941
4772
6577
3207
4783
9273
1019
261
1414
9456
1987
5381
575
362
906
3695
2270
4407
4410
2436
9514
165
1977
2199
2758
8227
5957
3675
7997
2320
8499
3565
708
3225
6892
8742
9949
2264
1633
8141
8829
2341
3640
8323
5268
2307
8392
5180
3482
4916
6004
4148
4317
19
6159
5023
7578
8284
1773
6732
3961
1421
1836
6907
1507
4756
5877
2105
2425
3389
3254
5020
5395
9735
5107
3698
9165
4026
9348
9202
7646
2508
7439
106
708
9928
1905
3111
435
6040
3421
5545
6485
6720
2782
9597
3553
3011
4336
8558
4451
3316
4043
8302
7924
1100
6958
2256
6076
7522
1189
261
6562
389
9575
3173
239
8384
3489
9738
5952
4295
3342
5603
4495
9523
3551
9091
3371
7976
8356
4199
9114
1524
8329
5233
2923
1063
656
5296
9934
3289
8042
8218
9868
8327
3234
427
3973
5558
2414
2294
6707
9327
808
2312
6441
5985
9902
3674
2270
6155
3874
6383
6248
1997
8956
4018
3915
7248
2938
4953
555
3089
5926
9963
1117
4712
7830
3298
451
3795
2680
9692
3464
4686
5881
9735
881
8385
4675
9092
6108
1540
438
6604
6657
7341
7817
9636
9331
8364
221
3716
2215
1732
3542
6116
9063
3375
4636
9164
2620
2947
6311
7326
3638
9956
5371
3608
6756
9386
1413
6189
5249
5752
4140
4915
55
2602
813
5662
5875
3520
5027
2247
9919
2259
6716
1043
5688
8142
4633
9460
3956
4356
8944
9087
1500
1723
8752
707
4201
4854
8726
5384
1220
7101
2717
5740
8053
4396
8044
6867
3086
6494
5809
7496
956
9686
1959
2844
8225
3300
1154
9473
2984
7407
6932
7238
9868
8248
7512
7914
651
4355
2438
8102
2604
7014
6041
9400
4770
625
7093
8062
7979
5888
3352
984
4645
3508
4625
8279
738
2235
8889
5663
1124
4027
369
5484
329
7303
9264
979
4705
1864
7291
9492
5
5512
7211
6058
9722
6884
4606
1935
6689
126
4880
9845
267
2050
6062
7559
3211
9596
2312
601
5404
5282
1997
3557
7363
9988
962
97
1824
6650
1360
6603
1205
9439
3776
7602
4645
7999
4819
6021
1738
5285
1741
1633
4725
690
7786
7362
3694
5926
5716
5227
9711
9831
4436
235
5810
2641
7157
1916
4059
5113
990
9401
2403
4450
8084
7129
9000
4016
5557
1114
4507
5690
2880
2534
5550
8863
9792
146
7464
9192
3836
4546
1507
5406
9832
3514
2242
8023
6493
4675
3191
2148
9280
86
6856
9220
2700
8920
9564
1714
1726
8107
2928
888
9395
1371
5073
1640
9886
7947
7779
42
7482
5236
5046
8251
460
9528
5888
1708
7500
5093
9490
3618
8045
4109
3408
3105
6941
3355
9588
2445
833
5943
8210
883
8527
9878
7476
4273
9279
5959
5652
8412
2740
7424
2928
2142
7714
996
9073
6577
6676
4916
3714
2065
794
2654
946
4338
9139
4077
8859
5004
1210
4980
1488
6184
9400
2869
2908
6477
9137
1049
2061
9904
8360
1373
1480
4819
9560
7763
1990
8745
142
7202
1115
66
8397
4158
8728
6134
1116
3920
4453
956
4740
4347
980
6470
364
2997
655
3855
4594
7566
8930
7802
2724
5862
8295
1907
9649
9262
9843
4877
299
6061
4492
4799
9558
9891
1387
2413
9038
2325
7723
9121
7783
5292
385
1799
3464
590
4776
4512
7474
4951
5458
1815
6801
1328
9190
4049
943
739
2467
967
3533
7194
3255
5101
4094
7061
9833
7056
4027
2604
4206
5812
1550
9050
3699
4668
6783
1621
6864
79
8206
1382
3990
4632
2338
2572
7180
1011
9990
9818
6337
9331
841
1428
2388
6182
5299
8185
234
6303
2874
4162
1204
8608
242
5695
1852
8833
798
6594
9268
3046
8033
7173
1516
2899
5070
7173
3618
8825
4035
3689
4016
4095
6521
7722
7960
883
1025
2735
8355
2941
378
210
5012
2766
9420
45
6188
774
1744
6222
1477
5159
4566
8599
2646
4521
5257
932
7165
7959
4229
6517
3488
6314
8044
7365
591
4661
940
5235
6027
5282
9087
7417
1872
9961
2075
78
4387
5393
3335
4393
4981
5150
6685
2477
6032
1368
9254
9168
1399
8540
6152
4759
4518
869
6587
4772
3553
3015
8775
2979
5719
8103
126
6312
3513
587
1768
2015
2040
4590
5418
5064
9596
1826
593
3665
8178
9165
4099
2371
5186
9552
6262
3043
6314
2212
144
8389
9641
2769
1882
9303
1139
9241
3065
8217
858
4615
9422
7834
4500
9441
9933
7852
936
7848
3599
8270
7712
7023
5193
5294
9338
838
1696
8298
9029
1113
6783
3917
7296
9839
4049
9182
8979
4052
2583
8828
7813
9481
3179
9897
6866
585
430
9511
9820
454
3277
4309
6997
386
738
4808
9782
2809
7465
881
7360
901
5811
5509
3197
3516
4249
3566
6070
9178
2278
7895
1012
2538
7627
2145
6705
8718
5165
7238
946
7766
1125
7829
1633
3326
9822
9106
5497
7588
2353
6526
7983
3233
1949
3547
8213
463
2146
815
6807
5599
6147
5526
6691
1454
9794
7020
1999
7463
4732
6073
51
4726
4489
4129
1191
3833
795
8687
4995
4611
6714
7902
9585
2611
3836
9384
6882
4774
7209
9480
3524
8348
7527
751
4639
9041
7166
2356
8278
7299
5501
2292
8772
3978
7843
2538
9091
8487
9878
8707
8390
6974
982
8512
1887
452
7056
1690
7854
2566
9
3165
8129
9529
2632
1622
2480
1675
7477
6203
2208
788
92
3482
1525
2441
4723
5933
9881
1585
6671
1474
6093
2967
2401
8434
1745
283
4567
6053
3028
7302
4475
7175
8994
7538
8641
506
2582
1201
3549
5570
3601
5911
9883
3252
860
6595
9557
9364
5389
9263
9238
4135
3346
2114
7478
616
6447
3780
9768
997
1903
3907
5441
4793
7581
5300
1743
4176
499
6733
7623
4754
1005
4742
5108
8881
3290
8649
5327
8890
9076
5727
6195
2025
316
9637
3536
9642
373
8637
1515
3449
1247
3580
2138
2385
5814
5612
7538
8510
8892
654
5438
7140
9088
5351
5879
3877
1202
940
514
5624
2547
4067
6967
3276
2863
1020
6157
7936
7921
3459
2677
5158
7667
6767
248
1917
7437
4159
8782
3494
7319
7851
4425
1887
6868
3374
8872
4473
8072
6837
69
9559
2769
6211
960
558
311
3687
1535
656
8097
3370
2011
6344
5986
271
4929
3258
1994
4487
8173
9296
7196
9248
204
2791
7557
2698
7405
1436
5658
9965
202
7128
8072
4252
1543
8191
717
4104
9932
6754
3501
7926
9731
4720
1200
9683
7942
6570
4832
473
5961
8828
5297
2120
9374
9479
6083
3549
4083
5322
3772
9057
7879
6524
3651
6258
5443
9900
8765
667
4765
5183
7694
3738
8903
4822
2455
1747
3712
3849
1037
8339
5781
7369
2119
6089
8350
7690
1393
6199
6162
5667
2624
9134
4565
2402
8578
8342
4050
1518
1064
8015
5809
1612
8800
8635
1182
2318
1692
1543
5016
7460
3257
1373
3598
1582
5108
9422
5980
3890
6741
7523
4839
6821
320
8970
4155
6896
7756
2189
1131
401
9338
5253
7265
2728
7888
4758
5051
9429
2533
4353
1314
9100
2686
6137
2710
925
6801
6032
4532
6964
4297
6039
7938
6126
3576
3496
2241
3829
2108
1298
3198
3139
7286
1822
6376
596
4173
7736
6358
3354
2435
1956
5122
7805
5875
798
9008
2018
6860
8817
1899
7068
1489
2193
4204
9983
2073
5801
8572
174
679
2106
8562
7487
4690
9201
1889
722
2809
909
6649
1940
9071
4488
3281
1471
79
6417
2560
9622
8465
9850
4004
9373
8769
3055
518
6283
527
452
4909
2719
4479
1738
9982
9795
7595
6075
2989
8981
9109
8665
236
1721
7328
4813
2071
8017
9905
5
8633
7470
2298
6970
8756
8060
1571
3477
5170
7334
831
1905
5634
9544
5389
7644
9225
624
3016
6680
6945
4350
1781
7942
1964
726
7150
407
6319
7174
9904
1840
2693
9468
1353
9059
6303
7525
7131
7408
5866
3965
4020
3832
4357
690
8594
5782
8447
8050
1644
166
4281
1759
9959
91
8822
7829
8297
7968
4893
7382
2454
9520
9353
9585
186
5488
4216
7033
130
8446
2282
9805
4695
6299
3748
7210
2957
8313
5287
4159
3581
9635
3624
4847
7098
9240
9135
7531
4788
1993
2139
850
9358
4030
1534
6414
900
29
1848
6532
8022
4351
472
1691
4319
9525
1022
8668
3151
3653
2724
8842
6287
6424
3230
7183
877
3640
4416
9926
9900
3025
3483
6378
6800
4521
717
3167
5073
3033
7013
2328
6780
7888
9508
8578
5384
5275
8213
6021
2706
7138
9809
3284
7401
1069
1004
6592
914
178
2871
1179
8351
6491
8607
8906
7285
6509
9741
7632
9653
5513
7420
2720
6875
4586
6915
4308
1465
1720
8528
5145
224
2878
4917
7736
1170
9939
4552
2772
2010
4210
1812
9695
8986
4498
6817
2599
867
5777
6972
5984
1286
4011
3425
6493
9271
739
2836
9434
5958
7035
9229
3258
9472
3588
1736
2617
5846
3740
7955
7026
5881
2420
2892
5991
5000
8819
1400
4579
5266
4365
5984
4676
8072
4653
2364
8885
6749
5277
4164
5948
1539
3977
4543
5984
5338
169
3449
6141
791
7575
3260
4274
2040
1679
990
4327
1888
7072
5419
662
6358
6172
5031
6588
5061
6645
864
616
4979
3037
9207
9478
5493
8037
9652
1393
4573
2777
908
827
5676
8715
3611
336
9752
6960
2105
2061
6204
6914
6516
7965
7080
5147
7172
6220
2938
7442
3480
884
6471
1108
556
1269
4828
6570
8859
5583
118
2776
5811
384
9364
9136
958
300
5152
8829
7861
8953
5662
5624
6409
9487
8956
4324
6954
7909
6255
1565
3417
5354
1433
9466
69
4871
8088
6238
8778
3148
690
9706
712
8709
9173
232
1972
2445
9267
8655
9798
7085
9006
8994
7157
6160
5789
7567
9960
1395
6059
4452
8860
9332
3601
6453
8748
4572
658
454
1197
4222
8211
9307
40
2505
5529
862
3140
9049
3837
4165
2709
8486
3593
9290
6416
5734
914
8377
5556
8005
1254
4816
4127
1655
8586
5596
6362
1174
8604
4821
3235
2501
8224
1932
8311
2893
9907
6806
2566
1477
6814
1187
4363
834
5806
1853
6616
5300
5618
7746
8905
1231
4798
7743
9522
6674
5707
1726
4753
6558
951
3491
6685
8531
267
8926
4056
3104
6867
8025
2514
7108
9562
1654
724
8187
8188
5606
51
8972
1891
9538
3416
1022
9594
7201
5695
6809
2222
4179
4469
8016
6061
1229
548
1033
7029
8961
8763
9434
8159
4072
1303
3071
6582
3037
2327
895
164
1752
4356
2357
1146
1251
2041
5441
1070
4104
5664
2607
9225
3986
1372
3981
9530
7179
4168
8722
7676
8037
7380
2064
6475
9801
9113
1187
7116
937
7333
2787
4688
5125
7805
5706
4768
4914
3298
446
4723
8714
9013
2936
9466
4798
797
908
1933
7006
4190
642
6322
2619
2638
7734
4232
2344
7525
1414
9894
477
2368
6354
702
3420
2128
768
9160
1699
5974
2770
9832
402
3271
5057
9979
9105
8974
9600
8664
24
4327
4877
48
1669
466
2904
5690
8957
2243
9561
4995
9897
1402
9577
5780
6979
7275
3464
4852
9112
478
3370
1246
2254
5082
7929
5263
3497
733
1043
3594
5073
9896
7774
4754
4505
1223
8511
9262
6038
2579
6924
5495
8034
9400
7713
4273
3426
9271
9765
8715
6663
1923
7462
5843
5652
2074
3167
8116
2958
741
9317
695
4559
7642
5404
9531
4136
4855
6350
4313
86
6837
2430
2097
7942
8114
274
9892
521
9900
3952
612
9796
9124
6829
5471
6777
9843
3639
428
7928
5854
4450
7603
9631
8912
2963
7377
6152
8456
2451
1458
2923
197
4620
3940
339
4659
8272
5602
5814
3871
4088
7298
9195
3682
2292
1974
3561
5515
4888
6150
9772
1337
7948
1051
7825
8989
6056
6577
1407
8588
4011
7156
1595
5621
6773
8975
6421
1229
696
5747
5886
8592
8033
1710
8642
1851
3265
46
272
4583
1826
2317
6085
8681
560
5189
9106
4178
1959
350
1451
4095
6038
2925
3999
1346
953
8257
9663
4744
2906
8802
7212
6676
371
7828
3195
9823
4973
6294
7354
2596
9490
390
3018
7198
7332
4659
2517
8306
9270
4472
7100
6215
9084
8506
3634
1291
679
3310
3185
1455
8043
6299
4232
14
4597
2772
4086
9801
5835
6396
3667
379
3205
8515
6919
3645
3498
8782
5020
8150
4493
3104
9708
5151
7552
4102
2815
9192
8658
2652
6897
2819
2589
4906
5526
5651
6046
9275
6872
8084
5983
7300
111
6449
6998
7116
3885
838
3659
2469
4223
3156
9972
245
7712
8291
5006
7008
2464
458
9564
5784
6021
195
218
354
7473
5605
309
790
3839
8322
9789
9730
6079
6564
6606
3379
6798
7842
1298
470
9564
6430
5638
4914
1140
580
7310
7759
8395
1722
7368
4910
7287
5569
3476
8161
5654
3337
74
5662
6737
2748
583
3707
8797
392
3156
3032
7380
8201
4072
2493
4306
5774
3207
6019
6846
7577
704
315
7716
126
7950
9116
1819
3943
8876
2299
6654
1806
109
3754
3208
8183
5687
5356
8256
5743
7954
3261
2947
3295
810
8604
5127
1533
6134
9492
3792
2502
9231
7639
8460
2156
3144
5694
1836
7488
7379
8936
8648
1813
467
2905
5345
4429
4310
4783
954
9196
2492
6230
5117
3479
1335
9528
7567
5385
9972
1922
7526
4159
1023
3416
5724
9067
4086
8218
6387
2070
7983
7912
3789
5739
7876
4842
1446
8876
4706
4599
2580
9332
8853
3899
23
7407
7148
1426
3858
1952
9695
3062
5948
3716
8566
3775
2382
917
5998
3288
8773
4263
2850
8472
3741
469
9221
9586
8979
3343
7046
6136
6063
2447
7404
164
9423
7212
3367
901
7565
9453
2033
9588
4426
9285
6443
2326
9085
6434
5239
5799
1415
6863
3823
3408
5622
8489
8280
448
5654
3222
8727
1814
8696
362
3005
4298
9358
2885
1993
8933
9923
356
6565
1939
9834
8409
7030
2871
3308
218
1165
5074
8771
5242
1697
9493
4463
7992
5255
1413
7914
266
2523
7555
2229
1118
3958
3986
2195
2240
8981
4981
9146
2447
32
6783
4415
7919
8424
9977
4386
6568
7708
4616
7985
3790
4099
8103
2275
1696
6987
6421
6435
4466
5842
2817
387
9435
3859
8241
6781
1687
8097
4684
6437
543
900
7266
7795
7057
597
4708
3679
3717
8629
5396
7447
8922
5846
2936
5861
2850
5687
6344
5882
2159
1956
9687
2294
9724
3304
8418
6721
8691
7245
4356
5030
4139
5948
1642
680
1975
4283
3268
4808
1353
14
5926
4768
7866
862
5230
1698
9334
5154
13
4233
3906
82
1072
3026
4674
3287
8658
2405
9493
1473
7837
5611
2150
8345
1934
6836
3105
9727
9479
4852
9958
4560
2940
1753
9609
102
8286
3078
375
3052
5419
1098
9552
2323
5464
7846
9052
6540
2603
2568
1648
2275
8967
7411
8729
4819
7529
7477
250
6077
7543
9384
9185
5671
2470
944
6534
4170
8083
2014
5413
1152
3565
148
6901
3530
15
7274
8111
6278
7596
7157
8439
8495
7435
748
9065
2315
4697
1181
7427
3876
3701
1331
1702
1657
3077
2586
8231
1703
4515
9212
3300
2826
7160
3783
714
3494
9566
29
5088
8879
5803
9617
5727
3734
5922
2334
93
3596
3227
3853
142
6972
4807
3211
8253
7412
7177
2449
7319
3740
2522
26
9682
5035
1408
7286
6293
8934
561
8099
3738
5955
2144
9429
4625
8397
8985
7415
9333
1176
8757
3194
6966
8613
2424
5370
5275
9956
6525
6880
526
623
2473
8663
7441
6364
4772
7545
7613
1080
3357
6594
8869
1160
6218
1739
7974
9385
3452
6996
10000
904
6880
650
5246
3605
9449
4569
9316
584
6153
9233
9811
379
9805
7736
993
3330
4263
2521
1039
2641
9186
4428
3565
245
3325
6634
1750
5115
1894
8365
4894
8525
5517
4065
7212
8087
9253
5836
9221
9394
680
3485
5545
423
286
7173
5528
6341
4085
8326
207
3598
4676
2216
2963
6043
9357
4238
3647
6396
2600
5864
6650
9535
2933
989
1721
6543
8601
3074
4932
1877
8581
9319
4971
6234
8415
7643
9125
2018
5572
1632
9936
889
6731
78
9555
7375
4960
7613
5692
37
8104
7867
120
4728
2609
1217
3189
83
2583
4391
9334
2614
924
4092
8837
1774
1970
5685
9422
9316
772
4294
899
1110
4087
7601
3596
4128
398
6991
7098
8625
6138
143
428
8348
2398
7183
6325
129
1905
6456
5742
6622
2348
9207
1013
1123
1334
8071
4710
478
9505
3060
6576
4075
2114
8851
1837
6886
9280
2214
8131
9335
7586
2532
152
6384
8634
8730
679
7609
6317
9667
598
7560
5685
1259
4158
2466
3079
4133
3708
2810
9770
3705
876
4636
4978
1874
2020
4105
7750
8036
264
8890
7149
2155
3528
4676
868
3559
882
7147
2752
4148
5688
7339
4335
3662
1389
2561
3301
5459
8707
8776
5782
2903
9690
59
9332
2391
1415
4983
1025
6636
8534
5811
3097
480
2033
1973
7242
7258
528
7200
791
825
8352
3615
2142
4256
84
8226
31
3232
5293
5534
5726
863
2028
5944
7252
2063
8640
3658
9864
1607
3575
7222
2635
2667
9679
3383
5657
34
1557
4184
7204
7859
6069
5809
5414
7758
189
5425
1933
9563
5115
6371
2962
9122
6977
7271
1827
1073
9289
81
8336
2720
7065
9249
7864
6842
6838
6116
9500
5590
8953
3224
2686
5014
6291
3992
4203
5695
6234
2411
1278
5430
2479
4408
8518
4863
4450
3555
530
6501
4605
8402
7894
8715
5892
9625
2250
7653
7673
1617
3240
1435
7332
6411
4061
4666
2704
9413
5466
807
4518
7735
4555
1062
5574
6044
6577
9390
8797
3966
6719
5165
8288
6826
7769
9847
7914
6268
192
2771
9524
995
724
1686
2420
2171
6836
1592
6343
8356
8639
3956
3938
5669
3251
6314
6824
3338
2852
6338
8627
1661
4131
7748
1000
9919
9271
7101
5815
2404
3975
7867
6542
2991
5929
6444
4808
2487
6893
707
8321
4438
4356
5921
8698
3985
7499
6616
4793
6280
833
3402
9802
5940
9479
5331
7357
397
5853
703
2278
8107
1059
5714
1173
2756
1388
9150
1669
3119
1597
464
4560
4826
5715
8058
9636
5570
6764
6342
4575
8699
8981
9623
3032
1881
7431
8942
2540
2035
9987
3123
1550
8978
4874
5468
1361
7811
2232
257
7603
3850
7190
957
593
1433
7956
1508
2493
7704
4541
2131
8097
5229
2832
3824
2324
1091
6932
5388
886
284
187
9101
8453
5344
3247
6749
1479
1530
2775
507
871
9301
2042
9714
8793
8499
8237
2122
5326
5882
8972
3995
9372
3627
5537
7294
3526
2632
5518
5398
843
2250
7509
7793
5094
8181
7319
7886
5866
7360
5112
1030
1664
4101
4465
8181
5850
2350
2109
3396
7142
7386
8294
6324
1746
1151
6177
5179
6381
2584
1767
529
9956
500
997
4650
7541
7781
6625
1314
6146
7740
7847
4560
5156
8458
4129
5213
3254
8663
5115
1795
2144
5895
770
3557
8670
4895
5410
7484
6974
8405
5233
5544
1965
1703
3181
8404
8523
7539
2986
2922
3635
2964
2217
7448
4555
5461
8337
6216
2749
3521
4066
5883
8297
404
2480
9822
1133
4574
6151
2084
3598
3989
7579
4652
5522
8794
2612
7779
8621
7377
3034
8121
7373
371
787
9597
9494
6033
3042
5444
8820
8146
1113
4371
3051
9022
8157
5311
7613
2191
1480
3471
8718
4767
2329
6714
346
7917
4934
5965
4077
8909
1371
3226
6773
551
3197
8069
2780
7134
4171
6876
2859
2810
9942
4459
5609
2064
332
1119
6249
2805
3609
1675
8487
9088
5514
2885
6663
3905
5198
4293
761
648
2770
4920
7631
7977
8681
7242
4542
7811
6523
5892
1832
1755
5877
1686
6609
7598
1294
9653
6799
5869
2772
1802
6498
7067
5298
6575
2424
3494
2010
6873
9332
8523
6530
7921
1922
7556
1319
6288
7225
7053
1294
463
9141
5613
4107
5591
663
8173
5175
67
5853
5657
2347
8282
5107
9377
4407
1842
2651
1103
7599
2695
3613
1743
7078
8242
4567
3065
4164
440
7407
4953
162
1769
7662
7309
4880
7160
3829
4676
6125
1933
325
1218
8350
3878
6437


0
3
5
5
9
9
10
12
12
13
13
13
14
14
14
15
17
19
19
21
23
24
24
26
29
29
30
31
31
32
32
34
37
37
37
40
40
40
42
43
45
46
46
47
48
48
48
49
50
50
51
51
51
52
53
55
57
59
60
60
60
61
61
62
64
64
66
66
66
66
67
67
68
68
68
68
69
69
69
70
72
72
73
74
75
76
77
77
77
78
78
78
78
79
79
80
81
82
83
83
84
84
86
86
87
87
87
88
89
90
90
91
91
92
93
93
94
97
97
98
98
99
99
99
102
103
104
105
105
106
106
107
109
111
111
112
115
118
120
120
126
126
126
128
129
129
129
129
130
131
136
136
138
142
142
143
143
144
144
145
145
145
146
146
148
149
151
151
152
152
156
156
161
162
162
162
162
164
164
165
165
166
166
169
169
171
172
174
175
176
176
176
176
178
178
179
179
180
182
182
183
184
186
186
187
187
188
189
189
192
192
194
195
195
196
196
197
199
199
201
202
204
204
204
204
205
207
207
209
210
211
214
214
218
218
218
221
224
224
224
228
230
231
232
234
235
236
236
238
238
239
239
240
242
243
245
245
246
248
250
253
253
255
256
256
257
257
258
259
259
260
261
261
261
262
263
264
264
266
267
267
267
269
269
269
271
272
274
274
276
277
278
279
279
283
284
284
286
287
288
290
292
293
297
299
299
300
302
306
307
309
309
311
312
315
315
315
315
316
316
316
317
318
318
320
321
322
323
323
325
326
326
326
327
328
329
331
332
334
334
334
336
337
337
338
338
339
340
341
346
346
350
350
352
354
354
356
357
359
359
360
362
362
364
367
369
370
371
371
373
374
375
375
375
376
376
377
378
379
379
380
381
382
382
384
384
385
386
386
387
387
389
390
390
390
392
393
396
397
398
399
400
400
401
401
402
403
404
406
407
411
412
415
418
418
419
420
421
423
423
427
427
428
428
429
430
430
433
435
436
436
438
438
440
441
441
443
444
444
444
446
446
447
448
448
451
452
452
452
452
453
454
454
454
458
459
459
460
463
463
463
463
463
464
466
467
468
469
470
472
472
473
474
477
477
478
478
478
479
480
482
484
486
486
486
487
488
489
489
491
495
495
496
497
498
499
499
500
500
501
502
502
503
504
504
505
506
506
506
507
508
509
509
510
510
513
513
514
514
515
516
517
518
521
521
521
522
523
523
525
526
526
526
527
528
528
529
529
530
531
531
532
533
533
534
535
540
541
542
543
545
548
549
551
551
553
554
555
555
555
555
556
557
557
558
558
560
560
561
562
562
564
568
568
571
571
574
574
574
574
574
575
575
578
580
582
582
583
584
585
585
587
587
588
588
589
590
591
593
593
594
595
595
596
597
597
597
597
598
598
601
604
604
604
605
607
608
610
612
612
615
615
616
616
618
619
620
622
623
623
624
624
625
627
628
630
630
631
633
634
635
636
637
638
638
639
641
642
642
643
644
645
645
646
646
647
648
649
650
650
651
651
652
654
655
656
656
656
658
659
659
661
661
662
663
664
664
665
665
665
667
669
670
670
670
671
675
675
679
679
679
679
680
680
684
684
685
687
687
687
688
688
688
690
690
690
691
691
691
691
693
695
696
696
698
698
702
702
703
703
704
705
706
707
707
707
707
708
708
712
712
714
714
714
714
716
717
717
717
720
722
722
724
724
726
726
727
728
729
729
729
730
731
733
734
735
735
738
738
738
738
739
739
739
739
740
740
741
741
745
745
746
748
748
748
751
751
753
754
755
757
760
761
761
762
762
762
764
764
765
768
770
771
772
772
773
774
775
776
780
786
786
787
788
790
790
791
791
791
791
794
794
795
795
796
797
798
798
798
799
800
801
801
805
805
806
807
807
808
810
811
811
813
815
815
817
817
819
819
820
823
825
825
825
827
830
831
832
832
832
832
832
833
833
833
834
835
835
838
838
838
839
841
841
842
842
842
843
843
844
845
846
847
849
850
851
853
854
854
854
856
858
858
859
860
862
862
862
863
864
864
867
867
867
868
868
868
869
871
871
871
872
875
876
876
877
877
880
881
881
882
882
882
883
883
883
884
885
886
887
888
888
889
891
893
893
895
896
897
898
898
899
900
900
901
901
902
904
905
906
906
907
907
908
908
909
909
914
914
914
917
919
919
920
920
922
923
923
923
923
924
924
925
926
926
929
930
932
932
932
932
934
935
936
936
937
937
938
939
939
940
940
941
942
943
943
944
944
945
946
946
949
949
951
952
953
954
955
956
956
957
958
959
959
960
960
960
960
961
961
962
963
965
967
968
971
972
973
975
979
980
982
982
984
986
986
989
990
990
992
993
995
995
996
996
996
996
996
997
997
997
999
1000
1001
1002
1004
1005
1005
1005
1005
1007
1007
1007
1008
1008
1010
1011
1012
1013
1013
1013
1015
1016
1018
1019
1020
1020
1022
1022
1023
1023
1023
1025
1025
1025
1026
1026
1027
1027
1028
1028
1029
1030
1030
1031
1031
1031
1031
1031
1032
1032
1033
1036
1037
1038
1039
1041
1042
1043
1043
1043
1044
1045
1047
1048
1049
1050
1051
1054
1056
1058
1059
1059
1062
1062
1063
1064
1067
1069
1069
1070
1070
1070
1071
1072
1073
1075
1075
1076
1076
1080
1080
1081
1082
1085
1087
1089
1091
1091
1092
1093
1095
1096
1097
1098
1098
1100
1102
1103
1104
1104
1106
1108
1110
1111
1112
1113
1113
1113
1113
1114
1115
1116
1116
1117
1117
1117
1117
1118
1119
1123
1123
1124
1125
1126
1131
1131
1133
1133
1134
1134
1137
1139
1140
1141
1142
1145
1146
1149
1151
1151
1151
1152
1153
1154
1154
1155
1156
1157
1158
1159
1160
1160
1160
1161
1162
1165
1165
1170
1170
1170
1171
1171
1172
1173
1174
1176
1176
1176
1178
1179
1179
1181
1182
1183
1184
1187
1187
1187
1189
1190
1191
1194
1196
1197
1197
1198
1199
1200
1201
1202
1202
1204
1204
1205
1206
1207
1209
1210
1211
1214
1217
1218
1219
1220
1221
1223
1227
1228
1229
1229
1229
1230
1231
1233
1238
1241
1241
1245
1246
1246
1246
1247
1249
1249
1249
1251
1252
1254
1254
1254
1255
1256
1257
1259
1261
1262
1265
1269
1273
1275
1276
1276
1276
1277
1278
1280
1280
1281
1282
1284
1285
1286
1289
1291
1292
1292
1294
1294
1295
1296
1298
1298
1299
1300
1303
1303
1305
1308
1308
1310
1312
1312
1314
1314
1317
1317
1317
1318
1318
1319
1320
1327
1328
1329
1329
1331
1331
1333
1334
1335
1335
1337
1338
1339
1341
1342
1344
1346
1346
1347
1347
1350
1353
1353
1354
1355
1357
1358
1359
1360
1360
1361
1362
1362
1363
1363
1368
1371
1371
1371
1372
1373
1373
1374
1376
1377
1377
1378
1381
1382
1382
1383
1384
1384
1385
1385
1387
1387
1387
1388
1389
1389
1391
1393
1393
1393
1395
1399
1399
1400
1401
1402
1405
1405
1407
1408
1409
1409
1412
1412
1413
1413
1413
1414
1414
1414
1415
1415
1417
1417
1421
1421
1422
1423
1426
1427
1428
1428
1429
1431
1431
1432
1432
1433
1433
1433
1433
1434
1435
1436
1437
1440
1441
1441
1443
1446
1447
1449
1451
1451
1452
1454
1454
1454
1455
1455
1458
1463
1464
1465
1467
1468
1468
1470
1470
1471
1471
1472
1472
1473
1474
1476
1477
1477
1478
1479
1479
1480
1480
1481
1483
1487
1487
1487
1487
1488
1489
1489
1490
1492
1494
1499
1500
1500
1502
1505
1506
1507
1507
1508
1509
1509
1510
1510
1515
1516
1517
1518
1522
1523
1524
1525
1530
1530
1530
1531
1533
1534
1534
1535
1535
1535
1535
1539
1540
1540
1542
1543
1543
1550
1550
1551
1551
1551
1552
1553
1554
1554
1557
1559
1563
1563
1564
1565
1567
1570
1571
1574
1575
1576
1576
1578
1579
1580
1581
1582
1583
1585
1585
1587
1589
1590
1591
1592
1595
1596
1596
1597
1597
1600
1601
1602
1603
1607
1608
1609
1609
1612
1614
1617
1618
1621
1621
1622
1622
1624
1625
1625
1625
1626
1628
1629
1631
1632
1633
1633
1633
1633
1635
1636
1637
1640
1642
1642
1644
1648
1648
1648
1650
1651
1653
1653
1654
1655
1655
1657
1658
1659
1659
1660
1661
1661
1664
1664
1666
1666
1666
1667
1669
1669
1675
1675
1675
1675
1675
1679
1681
1681
1683
1685
1686
1686
1687
1689
1690
1690
1690
1691
1692
1694
1696
1696
1696
1696
1697
1698
1698
1699
1700
1700
1702
1703
1703
1707
1708
1710
1713
1714
1714
1719
1719
1719
1720
1720
1721
1721
1722
1723
1723
1726
1726
1727
1727
1727
1732
1733
1734
1735
1735
1736
1736
1738
1738
1738
1739
1741
1741
1742
1743
1743
1744
1745
1745
1746
1747
1748
1748
1749
1749
1750
1750
1752
1752
1752
1753
1754
1754
1754
1755
1756
1756
1759
1759
1759
1761
1765
1767
1767
1768
1769
1769
1772
1773
1773
1774
1775
1776
1777
1777
1779
1781
1781
1785
1786
1788
1792
1795
1795
1796
1799
1799
1802
1803
1805
1806
1807
1811
1812
1813
1814
1815
1815
1815
1816
1816
1817
1818
1819
1819
1822
1823
1823
1824
1824
1825
1825
1826
1826
1827
1828
1829
1829
1831
1831
1832
1834
1836
1836
1837
1839
1839
1840
1841
1842
1842
1844
1844
1847
1847
1848
1848
1849
1851
1851
1851
1851
1852
1852
1852
1853
1853
1853
1853
1854
1854
1856
1856
1857
1858
1858
1861
1864
1868
1870
1870
1870
1870
1870
1872
1873
1873
1874
1875
1875
1877
1878
1878
1879
1879
1879
1880
1881
1881
1882
1883
1883
1883
1885
1886
1887
1887
1888
1889
1889
1891
1891
1891
1893
1894
1895
1895
1895
1897
1897
1899
1900
1903
1903
1903
1904
1905
1905
1905
1906
1907
1908
1909
1913
1914
1915
1915
1915
1916
1917
1919
1922
1922
1923
1923
1924
1924
1925
1925
1927
1928
1929
1929
1930
1930
1932
1932
1933
1933
1933
1934
1935
1936
1939
1940
1940
1941
1943
1943
1945
1946
1947
1949
1949
1950
1950
1951
1951
1952
1952
1952
1956
1956
1957
1957
1958
1959
1959
1960
1960
1962
1962
1964
1964
1965
1966
1967
1968
1968
1970
1970
1971
1972
1972
1973
1973
1974
1975
1977
1977
1980
1981
1984
1987
1990
1991
1991
1991
1993
1993
1994
1994
1994
1997
1997
1997
1999
2000
2000
2001
2003
2003
2005
2006
2006
2007
2010
2010
2010
2011
2011
2012
2012
2013
2014
2015
2016
2018
2018
2018
2020
2022
2022
2022
2023
2024
2024
2024
2025
2025
2028
2028
2028
2030
2033
2033
2035
2037
2037
2040
2040
2040
2040
2041
2041
2042
2042
2042
2044
2044
2046
2047
2048
2048
2048
2050
2050
2050
2051
2052
2057
2058
2059
2061
2061
2061
2061
2063
2063
2064
2064
2065
2067
2070
2070
2071
2072
2073
2074
2075
2077
2078
2080
2081
2081
2083
2084
2087
2090
2092
2097
2097
2099
2101
2103
2103
2104
2105
2105
2106
2106
2106
2107
2107
2107
2108
2108
2108
2109
2111
2111
2114
2114
2117
2117
2119
2120
2121
2122
2123
2126
2126
2126
2127
2127
2128
2129
2130
2131
2131
2132
2133
2134
2134
2135
2135
2136
2137
2138
2139
2139
2139
2140
2142
2142
2142
2142
2144
2144
2145
2146
2148
2148
2148
2150
2151
2155
2155
2155
2156
2156
2159
2159
2160
2161
2161
2162
2163
2164
2165
2165
2168
2168
2170
2171
2173
2174
2174
2177
2178
2180
2180
2182
2182
2185
2186
2189
2191
2193
2193
2194
2195
2195
2199
2200
2200
2201
2207
2208
2211
2212
2212
2214
2214
2214
2215
2215
2216
2217
2218
2218
2219
2221
2222
2222
2222
2222
2223
2223
2224
2224
2225
2228
2229
2229
2230
2231
2232
2234
2234
2235
2235
2236
2236
2240
2241
2241
2241
2242
2243
2243
2244
2245
2246
2247
2247
2249
2250
2250
2250
2252
2253
2254
2254
2255
2255
2256
2258
2259
2262
2264
2264
2267
2268
2270
2270
2270
2271
2272
2274
2275
2275
2278
2278
2279
2282
2282
2285
2285
2287
2288
2289
2292
2292
2292
2294
2294
2296
2296
2298
2299
2301
2302
2303
2307
2307
2308
2308
2312
2312
2315
2317
2318
2319
2319
2319
2320
2320
2321
2323
2323
2324
2324
2325
2325
2326
2326
2327
2327
2328
2329
2329
2331
2334
2334
2335
2336
2338
2338
2338
2338
2341
2344
2346
2347
2347
2347
2348
2350
2350
2353
2355
2355
2356
2356
2357
2357
2357
2357
2358
2358
2361
2364
2364
2367
2368
2370
2371
2371
2372
2374
2377
2378
2381
2381
2382
2383
2383
2384
2385
2388
2390
2391
2392
2393
2394
2398
2398
2400
2401
2401
2401
2402
2403
2404
2405
2406
2408
2409
2409
2410
2411
2413
2413
2414
2414
2416
2417
2418
2418
2419
2419
2420
2420
2422
2423
2424
2424
2424
2424
2425
2430
2430
2431
2433
2433
2434
2435
2435
2436
2436
2438
2440
2440
2441
2441
2442
2443
2444
2445
2445
2447
2447
2449
2450
2450
2451
2452
2453
2453
2453
2454
2455
2456
2456
2456
2457
2459
2461
2462
2462
2464
2464
2466
2467
2469
2469
2470
2470
2472
2473
2475
2476
2477
2479
2480
2480
2481
2481
2481
2482
2487
2487
2490
2491
2491
2492
2493
2493
2494
2499
2501
2502
2503
2504
2505
2505
2506
2508
2509
2511
2511
2514
2515
2517
2518
2520
2521
2521
2521
2522
2523
2523
2523
2524
2524
2528
2528
2529
2532
2533
2533
2534
2535
2535
2538
2538
2540
2540
2541
2541
2543
2543
2543
2544
2547
2547
2548
2549
2552
2559
2559
2559
2560
2560
2560
2561
2563
2564
2566
2566
2566
2568
2568
2570
2572
2572
2577
2578
2578
2579
2580
2581
2582
2583
2583
2583
2584
2585
2586
2586
2587
2588
2588
2589
2590
2591
2592
2593
2594
2595
2596
2598
2599
2599
2600
2600
2600
2600
2602
2603
2604
2604
2605
2605
2606
2607
2607
2608
2609
2609
2609
2611
2612
2614
2615
2617
2619
2619
2620
2621
2623
2623
2623
2624
2625
2625
2629
2631
2631
2631
2631
2632
2632
2632
2633
2634
2635
2636
2636
2636
2638
2638
2639
2639
2640
2641
2641
2642
2643
2646
2648
2648
2649
2649
2650
2651
2652
2654
2655
2656
2656
2661
2662
2662
2663
2663
2663
2666
2666
2667
2667
2668
2669
2669
2670
2673
2677
2677
2677
2678
2680
2680
2683
2685
2685
2686
2686
2686
2686
2686
2687
2691
2692
2693
2695
2698
2698
2700
2700
2700
2704
2704
2704
2704
2705
2705
2706
2706
2709
2709
2710
2710
2711
2712
2713
2715
2717
2717
2718
2718
2719
2720
2720
2720
2720
2722
2722
2722
2723
2724
2724
2727
2728
2728
2729
2732
2734
2735
2736
2736
2737
2737
2739
2740
2741
2741
2744
2744
2746
2747
2748
2748
2749
2749
2750
2752
2752
2753
2755
2756
2756
2757
2757
2757
2758
2758
2759
2763
2764
2764
2764
2764
2766
2769
2769
2770
2770
2771
2771
2771
2772
2772
2772
2775
2776
2776
2776
2777
2777
2778
2779
2779
2780
2780
2782
2782
2784
2784
2787
2787
2789
2789
2789
2790
2791
2792
2794
2794
2794
2795
2796
2799
2800
2801
2802
2802
2804
2805
2806
2807
2809
2809
2810
2810
2810
2811
2812
2813
2815
2817
2818
2819
2819
2820
2820
2821
2821
2826
2828
2830
2832
2832
2833
2833
2835
2836
2836
2838
2838
2839
2841
2841
2841
2843
2844
2844
2846
2850
2850
2850
2850
2850
2850
2850
2852
2852
2852
2853
2855
2857
2858
2859
2863
2865
2866
2867
2869
2870
2871
2871
2871
2874
2874
2874
2877
2877
2878
2878
2879
2879
2880
2880
2881
2884
2885
2885
2885
2887
2887
2888
2888
2891
2891
2892
2893
2894
2894
2897
2899
2901
2903
2903
2903
2904
2904
2905
2905
2905
2906
2906
2907
2908
2908
2908
2910
2911
2914
2915
2915
2916
2918
2918
2920
2922
2923
2923
2923
2924
2924
2924
2925
2925
2925
2926
2927
2928
2928
2928
2929
2933
2933
2933
2935
2935
2936
2936
2936
2936
2937
2938
2938
2940
2941
2941
2942
2945
2947
2947
2947
2947
2947
2950
2954
2955
2955
2955
2956
2957
2958
2958
2958
2959
2960
2960
2961
2962
2962
2963
2963
2963
2964
2966
2967
2967
2967
2970
2971
2972
2972
2973
2974
2974
2977
2979
2980
2980
2984
2986
2987
2987
2988
2989
2989
2990
2991
2991
2992
2995
2997
2998
2999
3001
3002
3002
3003
3004
3004
3005
3005
3005
3005
3006
3007
3010
3011
3013
3013
3015
3016
3016
3018
3020
3022
3025
3026
3028
3029
3029
3030
3030
3032
3032
3033
3034
3034
3034
3036
3037
3037
3037
3038
3038
3039
3040
3040
3040
3040
3042
3042
3042
3043
3043
3044
3046
3049
3049
3050
3050
3051
3051
3052
3052
3053
3054
3055
3055
3057
3057
3058
3060
3060
3061
3061
3062
3062
3062
3063
3065
3065
3066
3069
3070
3070
3070
3071
3071
3071
3072
3072
3074
3074
3077
3077
3078
3079
3079
3083
3084
3086
3089
3089
3090
3091
3093
3095
3097
3098
3099
3100
3101
3104
3104
3104
3105
3105
3107
3107
3108
3111
3111
3112
3114
3114
3115
3116
3117
3117
3117
3118
3119
3119
3121
3123
3126
3128
3128
3128
3128
3130
3132
3133
3134
3135
3135
3136
3136
3139
3139
3139
3139
3140
3140
3140
3141
3142
3143
3144
3144
3144
3145
3146
3146
3148
3151
3151
3154
3155
3156
3156
3157
3157
3158
3158
3159
3161
3162
3165
3165
3166
3167
3167
3167
3168
3169
3169
3170
3171
3172
3173
3173
3173
3173
3175
3175
3176
3176
3178
3179
3180
3181
3181
3181
3181
3185
3186
3189
3189
3191
3193
3194
3194
3194
3195
3195
3197
3197
3198
3199
3199
3201
3202
3203
3204
3205
3205
3206
3207
3207
3208
3211
3211
3211
3211
3212
3214
3215
3216
3217
3220
3222
3224
3225
3225
3225
3226
3227
3227
3228
3228
3228
3229
3230
3230
3231
3232
3233
3233
3234
3234
3235
3237
3237
3240
3240
3240
3242
3244
3247
3247
3251
3251
3252
3252
3253
3254
3254
3255
3255
3257
3258
3258
3260
3260
3261
3261
3263
3263
3265
3267
3268
3268
3271
3271
3273
3274
3275
3276
3276
3276
3277
3277
3278
3281
3284
3284
3286
3287
3287
3287
3288
3289
3289
3290
3291
3291
3293
3294
3294
3295
3297
3297
3298
3298
3300
3300
3301
3303
3304
3305
3308
3310
3314
3315
3316
3316
3318
3319
3321
3322
3322
3324
3325
3326
3329
3330
3330
3332
3334
3334
3335
3337
3337
3338
3338
3340
3342
3343
3345
3346
3346
3347
3347
3347
3349
3350
3350
3351
3352
3354
3354
3355
3355
3355
3357
3357
3360
3365
3366
3367
3368
3369
3370
3370
3370
3370
3370
3371
3371
3372
3373
3373
3373
3374
3375
3375
3376
3378
3379
3383
3383
3388
3389
3389
3390
3395
3396
3400
3401
3402
3405
3408
3408
3409
3412
3412
3413
3416
3416
3417
3420
3420
3421
3421
3422
3423
3424
3425
3425
3426
3428
3428
3434
3435
3435
3435
3435
3436
3436
3437
3439
3440
3440
3441
3443
3445
3445
3446
3447
3448
3449
3449
3449
3450
3450
3450
3451
3451
3452
3452
3452
3454
3455
3459
3460
3460
3460
3461
3461
3463
3463
3464
3464
3464
3464
3465
3466
3467
3467
3468
3468
3469
3470
3471
3473
3474
3476
3477
3479
3479
3480
3481
3481
3482
3482
3483
3483
3484
3484
3485
3485
3488
3488
3489
3490
3491
3493
3493
3493
3494
3494
3494
3495
3496
3497
3498
3501
3501
3501
3505
3506
3507
3508
3511
3512
3512
3513
3513
3513
3513
3514
3514
3516
3516
3516
3516
3520
3520
3520
3521
3521
3524
3524
3526
3528
3528
3530
3530
3531
3533
3534
3536
3538
3541
3542
3542
3543
3544
3547
3547
3548
3549
3549
3549
3551
3552
3553
3553
3555
3556
3556
3557
3557
3559
3561
3562
3562
3564
3564
3564
3564
3565
3565
3565
3565
3566
3567
3567
3568
3568
3569
3569
3569
3569
3573
3574
3575
3576
3579
3580
3580
3580
3581
3581
3581
3582
3583
3588
3588
3590
3590
3591
3592
3592
3592
3593
3594
3594
3595
3596
3596
3596
3598
3598
3598
3599
3599
3601
3601
3602
3602
3604
3605
3605
3608
3608
3609
3609
3611
3612
3613
3614
3615
3618
3618
3620
3621
3623
3624
3626
3626
3627
3634
3635
3635
3638
3639
3639
3640
3640
3640
3643
3645
3645
3646
3647
3648
3651
3651
3653
3655
3658
3658
3659
3659
3661
3661
3662
3663
3663
3663
3665
3666
3667
3668
3669
3669
3671
3671
3672
3672
3672
3673
3674
3674
3675
3676
3676
3679
3679
3680
3681
3681
3682
3683
3685
3685
3686
3687
3687
3687
3689
3690
3691
3692
3694
3694
3695
3695
3695
3696
3698
3699
3700
3700
3701
3701
3701
3704
3705
3705
3705
3706
3706
3707
3707
3707
3707
3708
3711
3711
3712
3712
3713
3713
3714
3714
3715
3716
3716
3716
3717
3717
3718
3722
3722
3727
3727
3729
3730
3733
3734
3735
3736
3737
3738
3738
3738
3740
3740
3741
3741
3742
3743
3744
3746
3747
3748
3754
3755
3755
3755
3762
3762
3766
3767
3768
3772
3772
3773
3773
3774
3774
3775
3775
3775
3776
3776
3780
3782
3783
3785
3786
3787
3787
3788
3789
3789
3790
3792
3795
3796
3798
3799
3800
3801
3802
3807
3807
3809
3810
3813
3814
3815
3819
3819
3820
3822
3822
3823
3823
3824
3827
3828
3828
3829
3829
3832
3833
3835
3836
3836
3836
3836
3837
3837
3839
3839
3841
3845
3848
3848
3849
3850
3851
3851
3853
3853
3854
3855
3855
3855
3857
3858
3858
3859
3859
3860
3860
3864
3865
3865
3866
3867
3868
3868
3870
3871
3871
3872
3874
3874
3874
3874
3875
3876
3876
3877
3878
3879
3885
3885
3887
3887
3887
3889
3890
3890
3891
3892
3894
3894
3894
3895
3896
3897
3899
3900
3900
3902
3905
3906
3906
3907
3907
3907
3910
3912
3912
3914
3915
3915
3917
3917
3918
3919
3920
3920
3920
3921
3927
3927
3928
3931
3934
3934
3935
3936
3936
3938
3939
3939
3940
3940
3940
3941
3942
3943
3945
3945
3949
3949
3952
3952
3952
3955
3955
3956
3956
3956
3956
3957
3957
3958
3960
3961
3961
3962
3962
3963
3964
3964
3964
3965
3966
3967
3967
3969
3969
3969
3973
3973
3975
3976
3976
3977
3977
3978
3979
3979
3981
3981
3981
3983
3984
3985
3985
3986
3986
3989
3989
3989
3990
3990
3991
3991
3992
3995
3995
3999
4000
4001
4004
4005
4006
4007
4007
4011
4011
4015
4016
4016
4016
4016
4018
4018
4019
4020
4020
4020
4021
4021
4023
4023
4025
4026
4027
4027
4028
4029
4029
4030
4030
4030
4031
4032
4033
4035
4036
4036
4036
4037
4038
4039
4041
4042
4042
4043
4043
4043
4045
4049
4049
4049
4050
4052
4052
4052
4053
4054
4054
4055
4056
4056
4058
4059
4061
4062
4063
4063
4065
4065
4066
4067
4067
4068
4072
4072
4074
4075
4075
4077
4077
4078
4079
4080
4080
4083
4083
4083
4085
4086
4086
4086
4087
4088
4088
4089
4091
4092
4092
4093
4094
4094
4095
4095
4098
4099
4099
4099
4101
4102
4102
4103
4104
4104
4105
4107
4107
4109
4114
4116
4118
4119
4120
4122
4123
4125
4126
4126
4127
4128
4128
4128
4129
4129
4129
4131
4131
4131
4132
4133
4134
4135
4135
4136
4136
4137
4139
4140
4140
4141
4141
4143
4144
4145
4147
4147
4148
4148
4149
4149
4149
4153
4155
4156
4156
4156
4158
4158
4158
4159
4159
4159
4159
4160
4160
4162
4163
4164
4164
4164
4165
4165
4167
4168
4168
4170
4171
4173
4176
4178
4178
4178
4179
4179
4180
4180
4180
4184
4185
4186
4186
4190
4193
4194
4197
4197
4199
4200
4200
4200
4201
4201
4203
4204
4204
4205
4206
4207
4207
4209
4210
4213
4215
4216
4219
4221
4221
4221
4222
4222
4222
4223
4223
4223
4225
4225
4228
4228
4229
4230
4232
4232
4232
4232
4233
4233
4233
4235
4236
4237
4238
4240
4241
4241
4243
4245
4246
4247
4247
4247
4249
4249
4250
4250
4250
4251
4252
4252
4252
4253
4254
4255
4255
4256
4256
4257
4258
4259
4261
4261
4261
4263
4263
4263
4267
4269
4269
4271
4271
4272
4273
4273
4273
4274
4275
4278
4280
4281
4283
4283
4286
4286
4291
4293
4294
4294
4294
4295
4297
4297
4298
4302
4305
4306
4308
4309
4309
4310
4310
4312
4313
4315
4316
4317
4317
4318
4319
4320
4323
4324
4324
4325
4325
4326
4327
4327
4330
4330
4331
4331
4331
4331
4332
4334
4334
4335
4335
4336
4336
4336
4337
4337
4338
4338
4338
4338
4340
4341
4344
4346
4347
4349
4350
4350
4351
4353
4353
4353
4353
4355
4355
4355
4355
4356
4356
4356
4356
4356
4357
4357
4357
4359
4360
4362
4363
4364
4365
4365
4366
4368
4370
4371
4371
4371
4372
4373
4373
4377
4378
4380
4381
4382
4383
4384
4386
4387
4390
4391
4391
4393
4393
4394
4396
4396
4397
4399
4402
4402
4402
4402
4403
4404
4404
4405
4405
4407
4407
4408
4408
4410
4411
4412
4412
4414
4414
4415
4415
4416
4416
4418
4418
4421
4422
4425
4425
4425
4426
4428
4429
4434
4434
4435
4436
4438
4441
4442
4442
4445
4445
4447
4448
4448
4449
4450
4450
4450
4450
4451
4451
4451
4452
4452
4453
4454
4454
4455
4456
4457
4457
4457
4459
4461
4461
4463
4464
4465
4465
4465
4466
4466
4466
4468
4469
4471
4471
4472
4472
4473
4473
4475
4476
4478
4479
4479
4481
4482
4482
4487
4488
4488
4488
4489
4489
4492
4492
4492
4492
4492
4493
4493
4495
4498
4498
4500
4503
4505
4507
4508
4509
4509
4510
4512
4514
4514
4514
4514
4515
4516
4517
4518
4518
4518
4519
4520
4520
4521
4521
4521
4521
4523
4523
4530
4531
4531
4532
4532
4533
4535
4536
4540
4541
4541
4542
4542
4542
4543
4543
4544
4546
4546
4549
4552
4552
4552
4552
4553
4553
4554
4554
4555
4555
4556
4557
4559
4559
4560
4560
4560
4560
4560
4564
4565
4565
4565
4566
4567
4567
4569
4569
4569
4572
4573
4574
4574
4575
4575
4579
4579
4580
4580
4580
4583
4584
4584
4586
4587
4588
4589
4589
4590
4590
4591
4592
4594
4596
4596
4596
4597
4599
4599
4599
4600
4603
4604
4605
4605
4606
4606
4607
4611
4613
4614
4614
4615
4616
4616
4617
4618
4620
4621
4623
4625
4625
4625
4626
4628
4632
4633
4634
4635
4635
4636
4636
4637
4637
4639
4642
4643
4645
4645
4646
4646
4647
4647
4648
4649
4650
4650
4652
4653
4653
4654
4656
4657
4657
4658
4658
4658
4659
4659
4659
4659
4659
4661
4662
4663
4663
4664
4665
4665
4666
4666
4666
4668
4668
4669
4672
4673
4673
4674
4674
4674
4675
4675
4675
4676
4676
4676
4676
4678
4680
4681
4684
4685
4686
4688
4688
4688
4690
4691
4694
4695
4696
4697
4701
4701
4701
4702
4703
4705
4705
4706
4707
4708
4709
4709
4710
4712
4713
4713
4714
4715
4716
4719
4719
4719
4720
4721
4722
4722
4723
4723
4723
4724
4724
4725
4725
4726
4728
4732
4732
4733
4734
4739
4740
4740
4740
4740
4741
4741
4742
4742
4742
4743
4743
4744
4746
4747
4750
4751
4751
4753
4754
4754
4756
4756
4757
4758
4758
4758
4759
4760
4765
4767
4767
4768
4768
4769
4770
4771
4772
4772
4772
4773
4774
4775
4775
4775
4776
4776
4776
4776
4777
4780
4781
4783
4783
4783
4786
4787
4787
4787
4788
4789
4791
4793
4793
4793
4795
4798
4798
4799
4799
4803
4803
4804
4804
4806
4807
4807
4808
4808
4808
4809
4810
4813
4816
4816
4818
4819
4819
4819
4820
4821
4821
4821
4822
4822
4823
4824
4825
4826
4826
4826
4828
4828
4828
4829
4829
4830
4830
4831
4832
4833
4834
4838
4838
4839
4840
4841
4841
4842
4842
4843
4843
4843
4844
4845
4845
4846
4847
4847
4848
4850
4850
4851
4851
4852
4852
4852
4854
4855
4858
4859
4860
4860
4860
4861
4862
4863
4863
4868
4870
4871
4874
4874
4875
4877
4877
4879
4880
4880
4882
4883
4887
4888
4888
4890
4893
4893
4894
4894
4895
4895
4896
4897
4899
4903
4906
4908
4909
4909
4910
4910
4910
4910
4911
4912
4912
4914
4914
4914
4915
4915
4915
4916
4916
4917
4918
4918
4920
4920
4922
4922
4922
4923
4925
4926
4928
4929
4929
4929
4931
4932
4932
4932
4934
4935
4935
4935
4936
4937
4939
4939
4939
4941
4941
4942
4943
4943
4945
4945
4946
4948
4948
4948
4949
4950
4950
4951
4952
4952
4953
4953
4953
4954
4956
4957
4960
4960
4961
4962
4965
4968
4970
4970
4971
4971
4973
4973
4974
4975
4977
4978
4978
4979
4980
4981
4981
4981
4983
4984
4984
4985
4986
4987
4987
4987
4989
4991
4994
4995
4995
4996
4997
4999
5000
5000
5000
5001
5002
5004
5006
5006
5006
5008
5009
5011
5012
5014
5015
5015
5016
5016
5017
5019
5019
5020
5020
5021
5023
5023
5024
5024
5026
5026
5027
5029
5029
5030
5031
5035
5037
5037
5038
5039
5040
5040
5040
5041
5041
5045
5046
5046
5047
5049
5049
5050
5051
5051
5052
5053
5055
5057
5060
5061
5061
5062
5063
5063
5064
5064
5064
5067
5068
5068
5070
5070
5073
5073
5073
5074
5074
5076
5076
5076
5077
5077
5078
5082
5083
5084
5084
5084
5087
5088
5090
5093
5094
5096
5097
5097
5097
5098
5100
5101
5102
5102
5104
5104
5104
5105
5107
5107
5108
5108
5108
5108
5109
5111
5112
5112
5113
5113
5114
5115
5115
5115
5116
5117
5118
5119
5119
5121
5122
5122
5124
5124
5124
5125
5125
5127
5129
5130
5130
5130
5131
5133
5133
5133
5134
5134
5134
5136
5143
5144
5145
5145
5146
5147
5147
5147
5148
5150
5151
5152
5154
5155
5156
5158
5158
5158
5159
5160
5161
5161
5162
5165
5165
5166
5167
5167
5170
5171
5172
5173
5174
5175
5177
5178
5179
5179
5180
5180
5181
5183
5186
5188
5189
5189
5189
5190
5193
5193
5194
5194
5194
5198
5198
5198
5202
5206
5207
5210
5211
5212
5213
5213
5213
5219
5219
5222
5223
5224
5226
5227
5227
5229
5230
5233
5233
5233
5235
5236
5236
5236
5237
5239
5239
5240
5242
5243
5245
5246
5246
5249
5250
5251
5252
5253
5255
5255
5257
5257
5258
5258
5259
5259
5259
5261
5263
5264
5265
5266
5267
5267
5268
5269
5273
5275
5275
5277
5279
5280
5281
5281
5281
5282
5282
5282
5283
5285
5286
5287
5288
5290
5290
5291
5292
5292
5293
5293
5294
5294
5295
5296
5297
5298
5299
5299
5300
5300
5301
5302
5302
5303
5304
5304
5305
5306
5307
5310
5311
5312
5316
5316
5317
5319
5320
5321
5321
5322
5324
5324
5324
5325
5325
5326
5327
5330
5330
5331
5333
5334
5334
5335
5336
5338
5340
5341
5341
5344
5345
5348
5348
5349
5350
5351
5351
5353
5353
5354
5355
5356
5358
5360
5365
5367
5370
5371
5374
5374
5374
5381
5381
5381
5384
5384
5385
5385
5385
5386
5388
5388
5388
5389
5389
5389
5389
5390
5390
5393
5393
5394
5395
5396
5398
5400
5401
5404
5404
5405
5406
5409
5409
5409
5409
5410
5410
5410
5411
5411
5412
5412
5413
5414
5414
5418
5418
5419
5419
5420
5420
5424
5425
5425
5425
5427
5430
5431
5435
5437
5437
5437
5438
5439
5440
5441
5441
5443
5443
5443
5443
5444
5444
5445
5449
5450
5451
5452
5454
5454
5455
5455
5455
5455
5457
5457
5458
5459
5459
5461
5462
5462
5462
5464
5465
5466
5467
5468
5471
5483
5483
5484
5484
5488
5488
5491
5492
5492
5493
5494
5494
5495
5495
5497
5497
5497
5498
5498
5499
5500
5500
5501
5501
5502
5504
5506
5506
5507
5508
5509
5510
5510
5512
5513
5514
5515
5515
5515
5516
5517
5517
5517
5518
5518
5519
5519
5520
5520
5520
5520
5521
5522
5524
5524
5525
5526
5526
5528
5528
5529
5529
5531
5532
5532
5532
5534
5535
5537
5537
5539
5541
5542
5542
5542
5544
5544
5545
5545
5546
5550
5551
5552
5552
5552
5555
5555
5556
5557
5557
5558
5558
5559
5564
5565
5566
5566
5566
5567
5567
5569
5570
5570
5570
5572
5572
5573
5574
5576
5577
5578
5580
5582
5583
5587
5588
5589
5589
5590
5590
5590
5591
5591
5593
5594
5595
5596
5596
5598
5599
5602
5602
5603
5603
5604
5605
5605
5605
5606
5607
5609
5611
5612
5612
5612
5613
5613
5614
5616
5618
5620
5620
5621
5622
5624
5624
5626
5626
5628
5628
5628
5633
5634
5634
5635
5637
5638
5638
5639
5642
5643
5644
5646
5648
5651
5651
5652
5652
5652
5653
5654
5654
5654
5654
5654
5654
5655
5657
5657
5657
5657
5658
5659
5659
5661
5661
5662
5662
5662
5662
5662
5663
5664
5667
5667
5667
5668
5669
5670
5671
5671
5673
5673
5673
5674
5675
5676
5676
5677
5677
5679
5679
5681
5682
5684
5685
5685
5687
5687
5688
5688
5689
5689
5690
5690
5692
5692
5694
5694
5695
5695
5695
5696
5696
5696
5697
5700
5700
5701
5701
5702
5703
5703
5704
5705
5706
5706
5706
5707
5707
5707
5707
5709
5710
5711
5711
5712
5713
5714
5714
5715
5715
5715
5716
5717
5718
5719
5721
5724
5725
5725
5726
5727
5727
5731
5733
5733
5734
5734
5734
5735
5737
5737
5739
5739
5740
5742
5742
5742
5743
5744
5744
5745
5747
5747
5749
5749
5752
5752
5754
5755
5759
5759
5760
5761
5763
5765
5765
5766
5767
5767
5768
5771
5773
5774
5774
5774
5777
5779
5780
5780
5781
5782
5782
5783
5784
5784
5785
5785
5786
5787
5789
5791
5793
5793
5794
5795
5796
5797
5797
5799
5799
5801
5801
5803
5803
5805
5806
5806
5806
5807
5807
5809
5809
5809
5809
5810
5810
5811
5811
5811
5812
5813
5814
5814
5814
5815
5815
5815
5815
5816
5817
5818
5819
5819
5821
5822
5825
5829
5833
5835
5835
5836
5836
5838
5839
5840
5842
5843
5844
5846
5846
5847
5850
5850
5851
5853
5853
5853
5854
5854
5855
5855
5855
5856
5857
5857
5859
5861
5861
5862
5863
5864
5864
5866
5866
5867
5869
5870
5872
5872
5873
5874
5874
5875
5875
5876
5877
5877
5879
5881
5881
5881
5882
5882
5883
5883
5885
5886
5886
5888
5888
5889
5889
5890
5891
5892
5892
5895
5895
5896
5901
5911
5911
5913
5914
5915
5918
5920
5921
5922
5922
5923
5924
5924
5924
5926
5926
5926
5926
5928
5928
5929
5931
5932
5933
5937
5937
5939
5940
5941
5941
5943
5943
5943
5944
5947
5948
5948
5948
5948
5948
5949
5952
5955
5957
5958
5959
5960
5961
5961
5962
5964
5965
5965
5967
5968
5968
5968
5971
5974
5974
5976
5979
5980
5981
5981
5982
5983
5984
5984
5984
5984
5985
5985
5985
5986
5991
5991
5991
5993
5993
5996
5998
6004
6004
6009
6018
6018
6018
6019
6019
6020
6021
6021
6021
6022
6023
6023
6024
6024
6024
6026
6027
6027
6028
6031
6032
6032
6033
6033
6036
6037
6038
6038
6039
6040
6041
6041
6042
6042
6043
6044
6046
6047
6047
6050
6052
6052
6053
6054
6054
6056
6057
6058
6058
6059
6059
6060
6061
6061
6062
6062
6062
6062
6063
6064
6066
6069
6070
6073
6075
6076
6076
6077
6077
6078
6079
6079
6082
6083
6083
6084
6085
6085
6086
6089
6089
6090
6093
6095
6096
6096
6099
6101
6101
6102
6103
6105
6107
6107
6108
6108
6109
6111
6112
6114
6116
6116
6117
6118
6118
6120
6122
6122
6123
6125
6125
6125
6126
6129
6131
6131
6132
6134
6134
6135
6135
6136
6137
6137
6137
6138
6139
6140
6141
6143
6146
6147
6147
6148
6148
6150
6150
6151
6152
6152
6152
6153
6153
6154
6154
6155
6155
6157
6158
6159
6159
6159
6160
6160
6161
6162
6162
6164
6166
6167
6168
6171
6171
6171
6172
6172
6172
6173
6175
6175
6175
6177
6177
6178
6181
6182
6184
6185
6186
6186
6188
6189
6190
6192
6194
6195
6195
6196
6197
6199
6203
6204
6204
6208
6208
6209
6209
6211
6211
6213
6215
6215
6216
6218
6218
6218
6220
6221
6221
6222
6224
6225
6225
6230
6230
6231
6231
6231
6233
6234
6234
6235
6237
6238
6238
6238
6241
6243
6244
6245
6246
6247
6248
6248
6249
6249
6250
6251
6252
6255
6255
6255
6256
6256
6257
6258
6259
6259
6261
6262
6262
6263
6263
6264
6265
6267
6268
6268
6269
6271
6271
6273
6273
6274
6274
6276
6277
6278
6280
6280
6280
6282
6283
6283
6287
6287
6288
6288
6288
6290
6290
6291
6291
6292
6292
6293
6294
6294
6295
6295
6296
6299
6299
6299
6300
6300
6301
6303
6303
6303
6303
6304
6305
6307
6307
6309
6310
6310
6311
6311
6312
6312
6314
6314
6314
6314
6315
6317
6317
6319
6322
6324
6324
6325
6327
6329
6329
6333
6336
6337
6338
6338
6339
6340
6341
6341
6342
6342
6343
6343
6343
6344
6344
6346
6348
6348
6349
6350
6352
6353
6353
6354
6355
6356
6358
6358
6358
6358
6358
6362
6363
6364
6369
6370
6371
6375
6375
6375
6376
6377
6377
6377
6378
6378
6379
6381
6383
6384
6384
6385
6386
6387
6387
6389
6389
6390
6394
6395
6396
6396
6397
6400
6402
6403
6406
6407
6407
6408
6408
6409
6409
6410
6411
6414
6415
6416
6417
6418
6419
6420
6421
6421
6421
6424
6424
6424
6424
6427
6428
6430
6430
6431
6432
6434
6434
6435
6436
6437
6437
6439
6441
6441
6442
6443
6444
6444
6445
6446
6447
6449
6450
6451
6452
6453
6454
6454
6456
6457
6458
6458
6463
6464
6465
6470
6470
6471
6471
6475
6475
6477
6479
6482
6483
6483
6483
6484
6485
6485
6485
6486
6486
6486
6488
6488
6489
6490
6490
6491
6492
6493
6493
6493
6494
6496
6498
6499
6500
6501
6503
6504
6507
6508
6509
6509
6511
6516
6517
6517
6518
6519
6519
6519
6520
6521
6521
6523
6524
6525
6526
6526
6526
6527
6527
6527
6528
6528
6529
6530
6532
6532
6534
6536
6538
6540
6540
6542
6542
6543
6543
6544
6545
6546
6547
6549
6555
6555
6556
6558
6558
6560
6562
6563
6564
6565
6565
6565
6567
6568
6569
6570
6570
6570
6571
6574
6575
6576
6577
6577
6577
6577
6577
6578
6579
6580
6581
6582
6587
6587
6588
6589
6591
6592
6592
6592
6594
6594
6594
6594
6595
6596
6597
6598
6599
6603
6603
6604
6605
6606
6609
6610
6610
6615
6616
6616
6618
6619
6621
6622
6624
6625
6625
6626
6626
6627
6627
6630
6631
6633
6633
6634
6634
6634
6636
6636
6636
6639
6639
6641
6645
6645
6645
6649
6650
6650
6650
6652
6654
6655
6656
6656
6657
6657
6658
6661
6663
6663
6667
6667
6671
6671
6674
6676
6676
6678
6678
6680
6681
6682
6682
6684
6684
6685
6685
6689
6690
6690
6691
6692
6693
6694
6696
6699
6699
6700
6700
6700
6701
6702
6703
6703
6704
6704
6705
6707
6710
6712
6713
6714
6714
6714
6715
6716
6717
6717
6717
6718
6718
6718
6719
6720
6721
6721
6724
6725
6726
6728
6730
6731
6732
6733
6733
6737
6737
6738
6738
6740
6741
6741
6743
6744
6749
6749
6749
6750
6752
6753
6754
6755
6756
6757
6758
6760
6760
6763
6763
6764
6765
6766
6767
6769
6773
6773
6775
6777
6778
6780
6781
6781
6783
6783
6783
6784
6785
6786
6787
6789
6791
6792
6792
6793
6794
6795
6795
6796
6796
6797
6798
6799
6799
6800
6801
6801
6801
6803
6806
6807
6809
6809
6809
6810
6810
6811
6812
6812
6814
6814
6815
6816
6816
6816
6817
6818
6818
6820
6820
6820
6821
6824
6824
6824
6826
6828
6829
6829
6831
6831
6834
6835
6835
6836
6836
6836
6836
6837
6837
6838
6840
6841
6842
6842
6842
6844
6845
6846
6846
6847
6848
6849
6851
6851
6851
6851
6853
6856
6856
6857
6859
6860
6860
6861
6862
6863
6863
6864
6864
6866
6866
6867
6867
6867
6868
6868
6872
6873
6875
6875
6876
6877
6879
6879
6880
6880
6881
6882
6884
6884
6885
6886
6886
6888
6890
6892
6892
6893
6894
6896
6896
6896
6897
6897
6897
6897
6899
6901
6902
6907
6907
6907
6911
6912
6913
6913
6914
6915
6916
6918
6919
6920
6920
6924
6928
6929
6929
6931
6932
6932
6932
6934
6934
6934
6937
6940
6940
6941
6941
6941
6945
6947
6949
6949
6954
6958
6960
6960
6962
6963
6964
6966
6966
6966
6967
6968
6970
6970
6972
6972
6973
6974
6974
6975
6975
6976
6977
6977
6977
6979
6984
6985
6985
6985
6987
6988
6990
6990
6991
6992
6992
6995
6996
6997
6998
6999
7002
7002
7005
7005
7005
7006
7007
7008
7008
7013
7013
7014
7014
7019
7020
7020
7020
7022
7023
7023
7023
7023
7024
7025
7025
7026
7026
7027
7029
7030
7032
7033
7034
7035
7038
7043
7044
7046
7047
7049
7049
7050
7050
7050
7050
7051
7051
7053
7056
7056
7057
7057
7059
7059
7059
7060
7061
7061
7061
7061
7062
7065
7067
7067
7068
7070
7071
7072
7072
7075
7077
7078
7080
7082
7082
7082
7082
7085
7085
7086
7087
7088
7091
7093
7097
7098
7098
7098
7099
7100
7101
7101
7101
7104
7105
7106
7108
7110
7110
7112
7112
7113
7113
7114
7114
7114
7114
7115
7116
7116
7116
7116
7117
7117
7119
7119
7120
7120
7122
7123
7126
7128
7128
7129
7130
7130
7131
7133
7133
7133
7134
7134
7138
7139
7140
7141
7141
7142
7145
7146
7147
7148
7149
7150
7151
7152
7153
7153
7154
7156
7157
7157
7157
7160
7160
7163
7165
7165
7166
7166
7170
7172
7173
7173
7173
7173
7173
7173
7174
7174
7175
7177
7178
7179
7179
7179
7180
7182
7182
7182
7183
7183
7183
7190
7192
7192
7193
7194
7195
7195
7196
7196
7197
7198
7198
7198
7200
7200
7200
7201
7201
7202
7202
7203
7204
7204
7205
7209
7209
7209
7209
7210
7211
7212
7212
7212
7212
7213
7213
7214
7216
7220
7220
7221
7222
7222
7224
7225
7227
7228
7228
7228
7229
7230
7230
7231
7231
7231
7231
7231
7234
7235
7237
7238
7238
7238
7238
7239
7242
7242
7242
7242
7242
7244
7245
7245
7246
7246
7247
7248
7249
7250
7250
7252
7252
7252
7254
7254
7255
7256
7257
7258
7259
7260
7261
7265
7265
7266
7268
7269
7269
7269
7271
7271
7271
7272
7272
7274
7275
7275
7277
7279
7285
7285
7286
7286
7286
7287
7288
7289
7289
7289
7290
7290
7291
7291
7294
7294
7296
7296
7298
7298
7299
7300
7300
7301
7302
7302
7303
7303
7304
7307
7307
7307
7309
7310
7311
7311
7311
7313
7314
7315
7318
7319
7319
7319
7319
7320
7320
7321
7322
7326
7328
7331
7331
7331
7332
7332
7332
7332
7332
7333
7333
7334
7334
7336
7336
7339
7339
7341
7341
7350
7351
7353
7354
7354
7357
7357
7358
7360
7360
7360
7361
7362
7362
7363
7363
7364
7364
7365
7365
7365
7365
7368
7368
7369
7370
7370
7373
7374
7375
7375
7375
7377
7377
7377
7377
7378
7378
7378
7379
7380
7380
7382
7382
7383
7386
7386
7387
7391
7392
7394
7394
7397
7398
7399
7400
7401
7401
7402
7402
7403
7403
7403
7404
7404
7405
7405
7407
7407
7407
7407
7408
7408
7408
7410
7410
7411
7411
7411
7412
7413
7413
7415
7415
7416
7417
7417
7418
7420
7420
7422
7424
7426
7427
7427
7427
7427
7430
7431
7431
7434
7435
7437
7437
7437
7437
7438
7438
7439
7439
7439
7440
7441
7441
7442
7444
7446
7446
7447
7448
7449
7449
7450
7452
7452
7454
7454
7454
7457
7457
7459
7460
7460
7460
7462
7463
7463
7464
7464
7465
7466
7466
7466
7467
7469
7470
7470
7472
7473
7474
7474
7474
7475
7476
7476
7477
7477
7477
7477
7477
7478
7481
7481
7481
7482
7482
7482
7484
7486
7486
7487
7488
7488
7493
7494
7495
7495
7496
7496
7496
7497
7499
7500
7500
7501
7503
7503
7506
7506
7507
7509
7509
7512
7512
7514
7515
7516
7517
7518
7520
7521
7521
7522
7522
7522
7523
7525
7525
7525
7526
7527
7527
7527
7528
7528
7529
7529
7531
7534
7538
7538
7538
7538
7539
7541
7541
7541
7543
7543
7544
7545
7545
7549
7550
7552
7554
7555
7556
7556
7557
7557
7558
7558
7559
7560
7560
7561
7562
7562
7563
7565
7565
7566
7567
7567
7567
7567
7569
7571
7571
7572
7574
7575
7577
7577
7578
7578
7578
7579
7579
7579
7579
7581
7583
7586
7588
7589
7590
7590
7590
7591
7591
7592
7593
7593
7594
7595
7596
7598
7599
7599
7600
7601
7602
7602
7603
7603
7603
7604
7605
7606
7609
7609
7611
7611
7613
7613
7613
7617
7620
7622
7623
7623
7625
7625
7626
7627
7631
7632
7632
7636
7636
7637
7639
7639
7641
7641
7642
7642
7642
7643
7644
7644
7644
7644
7646
7650
7651
7651
7653
7653
7654
7655
7657
7660
7661
7662
7662
7663
7665
7665
7666
7667
7668
7669
7671
7673
7674
7676
7676
7677
7690
7690
7690
7691
7691
7694
7696
7700
7702
7702
7703
7704
7706
7707
7707
7708
7708
7709
7709
7709
7712
7712
7713
7714
7715
7716
7716
7717
7717
7719
7722
7723
7723
7728
7729
7729
7734
7735
7735
7736
7736
7736
7736
7737
7740
7743
7745
7746
7748
7748
7750
7750
7752
7752
7752
7753
7753
7754
7754
7755
7756
7756
7757
7758
7759
7759
7761
7763
7763
7764
7766
7766
7767
7768
7769
7769
7774
7774
7774
7774
7776
7778
7779
7779
7781
7783
7783
7783
7783
7786
7788
7789
7789
7790
7793
7795
7802
7802
7802
7805
7805
7805
7805
7805
7806
7810
7810
7811
7811
7813
7817
7817
7818
7819
7822
7823
7824
7824
7825
7826
7827
7828
7829
7829
7830
7830
7831
7833
7834
7834
7836
7836
7837
7840
7840
7841
7842
7842
7842
7843
7846
7847
7848
7850
7850
7851
7851
7852
7852
7854
7856
7856
7859
7859
7861
7863
7864
7866
7867
7867
7868
7869
7870
7872
7872
7874
7875
7876
7878
7878
7879
7879
7884
7884
7885
7886
7887
7888
7888
7893
7894
7895
7897
7898
7898
7901
7902
7904
7906
7907
7908
7908
7909
7910
7912
7913
7914
7914
7914
7914
7916
7917
7919
7921
7921
7921
7924
7925
7926
7927
7927
7928
7929
7930
7931
7932
7936
7937
7938
7939
7939
7939
7942
7942
7942
7945
7946
7947
7947
7948
7948
7950
7950
7950
7954
7954
7955
7956
7957
7957
7958
7959
7959
7960
7964
7965
7967
7968
7969
7971
7971
7974
7974
7975
7976
7977
7977
7977
7978
7979
7980
7981
7983
7983
7985
7985
7987
7989
7989
7989
7992
7992
7994
7994
7995
7996
7996
7997
7998
7998
7999
8000
8000
8001
8003
8005
8006
8008
8011
8014
8015
8016
8017
8022
8022
8023
8025
8025
8027
8027
8027
8028
8028
8030
8031
8033
8033
8033
8033
8034
8035
8036
8036
8036
8037
8037
8039
8042
8042
8043
8043
8043
8044
8044
8044
8045
8046
8049
8050
8051
8052
8053
8056
8057
8057
8058
8059
8060
8062
8062
8062
8062
8063
8065
8065
8065
8065
8067
8069
8071
8071
8072
8072
8072
8072
8072
8075
8075
8076
8081
8081
8083
8084
8084
8084
8085
8087
8088
8088
8088
8089
8089
8090
8094
8096
8097
8097
8097
8098
8099
8102
8102
8103
8103
8103
8104
8105
8105
8105
8106
8107
8107
8109
8110
8111
8112
8112
8114
8115
8116
8116
8121
8121
8122
8124
8127
8127
8129
8131
8131
8132
8134
8138
8139
8139
8140
8140
8140
8141
8142
8142
8146
8146
8147
8149
8150
8150
8152
8153
8154
8154
8154
8154
8154
8156
8157
8157
8159
8160
8161
8161
8162
8164
8165
8166
8166
8167
8170
8171
8173
8173
8176
8178
8178
8178
8179
8181
8181
8181
8182
8183
8185
8187
8188
8189
8191
8191
8197
8198
8198
8201
8202
8202
8203
8203
8206
8207
8208
8208
8209
8210
8211
8212
8213
8213
8213
8213
8213
8214
8214
8217
8218
8218
8218
8221
8222
8224
8224
8225
8225
8226
8226
8226
8227
8227
8227
8229
8231
8232
8236
8237
8237
8237
8237
8238
8240
8241
8241
8242
8243
8246
8247
8248
8248
8251
8252
8253
8255
8255
8256
8257
8258
8259
8259
8263
8265
8265
8266
8266
8267
8270
8270
8271
8272
8274
8276
8277
8277
8278
8278
8279
8280
8280
8281
8282
8282
8282
8282
8284
8285
8286
8286
8287
8287
8287
8288
8290
8291
8292
8294
8294
8294
8295
8295
8297
8297
8298
8300
8300
8302
8304
8306
8310
8310
8311
8311
8312
8313
8314
8315
8319
8319
8321
8321
8322
8323
8323
8323
8323
8324
8326
8327
8327
8329
8329
8330
8335
8336
8336
8337
8337
8337
8339
8339
8339
8341
8341
8342
8342
8343
8345
8348
8348
8348
8349
8350
8350
8350
8350
8351
8351
8352
8352
8352
8352
8354
8355
8356
8356
8357
8358
8359
8359
8359
8360
8361
8362
8364
8364
8365
8367
8367
8368
8370
8373
8377
8378
8378
8381
8382
8384
8384
8385
8385
8387
8389
8390
8392
8392
8392
8393
8394
8395
8396
8397
8397
8401
8402
8404
8404
8405
8405
8405
8409
8412
8412
8412
8412
8413
8413
8415
8415
8418
8419
8419
8424
8424
8424
8425
8426
8426
8429
8431
8433
8434
8434
8436
8439
8440
8446
8447
8448
8448
8449
8452
8453
8454
8456
8456
8458
8458
8459
8460
8460
8461
8461
8463
8465
8465
8471
8472
8472
8472
8472
8475
8479
8482
8484
8484
8484
8485
8485
8486
8486
8487
8487
8489
8490
8490
8492
8494
8494
8495
8495
8496
8498
8499
8499
8499
8501
8504
8505
8506
8506
8508
8510
8511
8512
8512
8512
8512
8512
8514
8515
8515
8515
8518
8519
8519
8521
8522
8522
8523
8523
8524
8524
8524
8525
8525
8527
8528
8530
8531
8531
8531
8534
8535
8537
8539
8539
8540
8540
8547
8548
8549
8550
8551
8553
8554
8556
8556
8556
8557
8558
8558
8559
8559
8560
8560
8561
8561
8561
8562
8562
8564
8564
8565
8565
8566
8567
8568
8569
8569
8569
8569
8570
8571
8572
8572
8572
8574
8575
8576
8576
8578
8578
8578
8578
8581
8581
8583
8584
8585
8586
8586
8586
8588
8588
8589
8592
8594
8595
8596
8599
8600
8601
8601
8601
8602
8602
8604
8604
8606
8607
8608
8608
8609
8610
8612
8613
8615
8616
8619
8620
8621
8623
8623
8625
8625
8627
8628
8628
8629
8629
8630
8633
8634
8634
8634
8635
8635
8635
8636
8637
8638
8639
8639
8640
8641
8641
8642
8645
8648
8648
8649
8649
8650
8650
8651
8655
8656
8658
8658
8658
8658
8658
8660
8661
8661
8661
8661
8662
8663
8663
8664
8665
8665
8667
8668
8668
8670
8671
8672
8673
8673
8675
8677
8679
8680
8681
8681
8681
8681
8682
8683
8683
8684
8687
8687
8690
8691
8691
8692
8694
8696
8696
8696
8698
8698
8699
8699
8702
8703
8707
8707
8709
8711
8714
8715
8715
8715
8716
8717
8718
8718
8719
8719
8722
8722
8723
8725
8725
8726
8726
8727
8727
8728
8728
8728
8729
8729
8729
8730
8732
8732
8734
8735
8737
8738
8739
8739
8740
8742
8742
8744
8745
8745
8748
8752
8752
8753
8754
8756
8757
8757
8757
8759
8760
8761
8762
8763
8764
8764
8765
8768
8769
8770
8770
8771
8772
8773
8774
8774
8774
8775
8775
8776
8778
8780
8782
8782
8782
8782
8787
8788
8790
8792
8792
8792
8793
8793
8794
8794
8795
8796
8797
8797
8798
8798
8799
8799
8800
8800
8801
8802
8802
8803
8804
8804
8804
8807
8812
8812
8812
8813
8817
8817
8817
8817
8817
8817
8818
8818
8818
8819
8819
8819
8820
8821
8821
8822
8822
8825
8825
8827
8827
8828
8828
8828
8829
8829
8829
8830
8833
8837
8840
8840
8842
8842
8843
8845
8847
8850
8851
8852
8852
8853
8853
8853
8856
8856
8857
8857
8859
8859
8859
8859
8860
8863
8863
8864
8865
8865
8867
8868
8868
8869
8870
8870
8872
8872
8873
8876
8876
8876
8876
8879
8879
8880
8880
8881
8882
8883
8884
8885
8888
8888
8889
8890
8890
8890
8890
8892
8894
8895
8895
8895
8895
8898
8899
8899
8900
8903
8905
8906
8909
8909
8910
8911
8912
8913
8913
8915
8918
8918
8918
8918
8919
8920
8920
8922
8922
8925
8926
8927
8927
8930
8933
8933
8934
8935
8936
8938
8939
8940
8940
8942
8944
8944
8944
8944
8946
8947
8947
8948
8949
8950
8951
8952
8952
8953
8953
8953
8955
8956
8956
8957
8957
8958
8959
8961
8961
8961
8961
8961
8962
8963
8966
8966
8967
8968
8968
8969
8970
8971
8972
8972
8973
8973
8973
8974
8974
8975
8976
8978
8978
8979
8979
8979
8981
8981
8981
8982
8983
8985
8986
8987
8989
8992
8993
8994
8994
8995
8997
8998
8999
9000
9004
9004
9005
9005
9006
9006
9006
9008
9008
9008
9009
9013
9014
9015
9020
9020
9021
9021
9022
9022
9022
9024
9025
9025
9026
9029
9032
9034
9034
9038
9039
9041
9041
9044
9047
9049
9050
9050
9052
9052
9052
9053
9053
9053
9056
9057
9058
9058
9059
9059
9061
9062
9063
9064
9065
9066
9066
9067
9068
9071
9071
9071
9073
9074
9075
9076
9076
9077
9077
9077
9078
9080
9082
9084
9085
9087
9087
9087
9087
9088
9088
9089
9089
9089
9091
9091
9091
9092
9092
9092
9092
9095
9095
9096
9096
9096
9096
9098
9100
9101
9101
9103
9104
9105
9105
9106
9106
9106
9106
9107
9107
9107
9108
9109
9112
9113
9114
9114
9115
9115
9116
9118
9121
9121
9122
9122
9123
9123
9124
9124
9124
9125
9125
9126
9127
9127
9134
9134
9135
9136
9136
9137
9139
9140
9141
9141
9141
9141
9142
9144
9146
9148
9148
9149
9150
9153
9155
9157
9158
9160
9161
9162
9162
9163
9164
9164
9165
9165
9165
9166
9168
9168
9169
9170
9170
9170
9171
9171
9172
9173
9177
9177
9177
9178
9178
9181
9182
9182
9184
9185
9185
9185
9186
9186
9188
9190
9191
9192
9192
9195
9196
9196
9196
9199
9200
9201
9202
9203
9207
9207
9210
9211
9212
9212
9212
9212
9219
9219
9220
9221
9221
9225
9225
9225
9228
9229
9229
9230
9231
9232
9233
9234
9234
9236
9238
9238
9238
9240
9240
9241
9243
9244
9246
9248
9249
9251
9251
9252
9252
9253
9254
9256
9256
9256
9257
9257
9260
9262
9262
9262
9263
9263
9264
9266
9267
9267
9268
9270
9270
9270
9271
9271
9271
9271
9273
9275
9279
9279
9280
9280
9283
9284
9285
9289
9290
9290
9291
9293
9295
9296
9297
9299
9299
9301
9301
9303
9304
9306
9307
9307
9307
9308
9309
9309
9310
9316
9316
9317
9318
9319
9319
9319
9320
9320
9321
9323
9323
9325
9327
9328
9328
9330
9331
9331
9332
9332
9332
9332
9333
9333
9334
9334
9335
9335
9338
9338
9339
9340
9340
9344
9345
9347
9347
9347
9348
9349
9350
9351
9353
9353
9356
9357
9358
9358
9358
9360
9360
9361
9364
9364
9364
9370
9371
9371
9372
9372
9373
9373
9374
9375
9376
9376
9377
9378
9379
9379
9380
9381
9384
9384
9384
9384
9385
9386
9387
9389
9389
9390
9390
9393
9394
9394
9395
9395
9395
9395
9396
9396
9398
9398
9399
9400
9400
9400
9401
9401
9401
9402
9407
9409
9409
9412
9413
9413
9415
9415
9415
9418
9419
9420
9420
9422
9422
9422
9423
9425
9427
9429
9429
9429
9429
9430
9430
9431
9434
9434
9435
9439
9440
9440
9441
9441
9441
9443
9443
9445
9447
9448
9449
9449
9451
9452
9453
9453
9454
9454
9456
9457
9459
9460
9460
9460
9460
9465
9466
9466
9466
9466
9467
9468
9469
9470
9470
9472
9473
9475
9476
9477
9478
9479
9479
9479
9480
9480
9481
9484
9484
9485
9487
9487
9489
9489
9490
9490
9491
9491
9492
9492
9492
9492
9492
9493
9493
9494
9494
9494
9496
9497
9499
9499
9500
9501
9502
9502
9502
9505
9507
9508
9509
9511
9511
9514
9516
9516
9520
9520
9522
9522
9523
9523
9524
9525
9525
9526
9527
9528
9528
9528
9529
9530
9530
9531
9532
9532
9535
9536
9536
9537
9538
9540
9541
9543
9544
9546
9547
9548
9548
9549
9550
9552
9552
9555
9556
9557
9557
9558
9559
9559
9560
9560
9561
9562
9562
9562
9562
9563
9564
9564
9564
9564
9565
9566
9567
9568
9568
9570
9573
9574
9575
9576
9577
9578
9580
9580
9581
9581
9582
9583
9583
9585
9585
9586
9588
9588
9590
9590
9591
9592
9592
9594
9594
9595
9596
9596
9597
9597
9600
9600
9602
9603
9604
9605
9607
9608
9608
9609
9615
9616
9617
9617
9617
9621
9622
9622
9623
9624
9625
9625
9625
9627
9628
9629
9629
9630
9631
9633
9634
9635
9635
9635
9636
9636
9636
9636
9637
9637
9638
9638
9638
9638
9639
9640
9641
9641
9642
9643
9645
9647
9649
9652
9652
9652
9652
9653
9653
9655
9658
9660
9663
9663
9665
9667
9669
9670
9670
9672
9677
9677
9679
9680
9682
9682
9682
9683
9683
9685
9686
9686
9686
9686
9687
9688
9688
9690
9690
9692
9694
9695
9695
9695
9697
9698
9698
9701
9701
9702
9704
9706
9706
9708
9711
9713
9714
9715
9716
9717
9717
9717
9718
9720
9720
9722
9722
9722
9724
9726
9727
9728
9729
9730
9730
9730
9731
9732
9732
9733
9735
9735
9737
9738
9738
9740
9741
9750
9752
9752
9752
9754
9755
9755
9758
9761
9761
9762
9764
9765
9768
9768
9768
9769
9770
9771
9772
9773
9773
9775
9777
9780
9782
9784
9784
9785
9786
9786
9789
9790
9792
9793
9793
9794
9794
9794
9795
9795
9796
9796
9798
9798
9799
9799
9801
9801
9802
9803
9805
9805
9806
9809
9809
9811
9811
9811
9811
9815
9818
9820
9820
9820
9820
9822
9822
9823
9823
9825
9826
9828
9831
9831
9832
9832
9832
9833
9833
9834
9834
9835
9835
9836
9838
9838
9839
9842
9843
9843
9845
9846
9847
9847
9850
9851
9852
9852
9853
9857
9857
9857
9858
9859
9861
9864
9864
9864
9864
9866
9867
9868
9868
9870
9871
9873
9874
9874
9875
9876
9877
9878
9878
9880
9881
9881
9881
9883
9883
9883
9886
9886
9886
9891
9891
9892
9892
9894
9896
9897
9897
9899
9900
9900
9900
9902
9904
9904
9905
9907
9907
9908
9911
9912
9912
9912
9913
9913
9914
9914
9914
9916
9919
9919
9919
9920
9921
9923
9923
9926
9927
9928
9929
9932
9932
9933
9934
9934
9936
9936
9937
9939
9939
9939
9941
9942
9944
9944
9949
9950
9950
9951
9951
9955
9956
9956
9956
9958
9958
9959
9959
9960
9961
9961
9962
9963
9963
9963
9965
9965
9966
9966
9971
9972
9972
9975
9975
9976
9977
9979
9979
9979
9980
9982
9983
9983
9983
9987
9988
9988
9989
9990
9992
9995
9996
9998
9999
9999
9999
10000
