8723
8459
5340
1399
2287
8672
6089
5800
4958
7451
3363
5151
2578
6894
878
7561
8443
5637
4188
7635
8897
3727
3835
6220
2296
5933
3173
3878
4288
6723
3149
1853
5270
2208
8896
915
6824
7253
9130
4631
3390
6505
8117
4050
9729
3420
5996
2419
6546
7455
559
9767
1998
7568
3472
8051
7214
3090
6374
6815
8196
826
3037
6826
6824
3485
554
5918
2832
2369
1700
104
6908
3715
3322
9417
9904
1675
636
8773
6635
2667
7163
6546
9657
6019
6914
7361
5832
2688
1541
9233
689
6526
9760
5921
5081
4126
8116
2325
9727
5774
9971
7418
7517
2644
8235
597
5668
471
3550
4274
9382
5034
488
5476
8844
8294
770
5543
573
6597
3955
134
7082
6643
2906
1853
8108
3343
5034
7965
6008
4575
2666
4085
4927
752
4326
1132
9422
5862
8038
5586
3767
9781
6361
993
2140
930
1427
8187
6920
4140
4517
2112
6066
6049
6833
1764
139
1973
4550
2053
2925
6314
8134
8519
9973
7562
8218
2754
8427
4652
3915
1962
203
5918
3980
6288
4815
6248
1865
1007
5097
2091
7020
2522
9838
7162
5637
7882
1529
2156
1819
4975
8087
1559
2036
800
8263
6971
4858
9061
7485
139
6062
1245
1005
6659
5183
464
9191
8714
8365
7482
2623
3468
4609
3542
5665
5327
7620
6773
5041
1651
2246
3595
6276
7017
4383
3907
6212
6801
376
8072
1181
2011
2659
161
6275
4917
942
1466
927
9624
6524
4185
6498
4876
1803
8224
462
5898
2643
98
9511
7992
9087
9656
5163
3640
7769
9352
3668
3476
2172
4218
1902
3834
8515
8886
3619
493
8486
4198
3175
8213
8569
9673
5581
1474
8110
4306
1772
7852
608
8691
3037
4999
2150
124
2044
6131
3063
8357
3927
4742
7546
9078
5882
100
582
3742
4577
3810
3709
2063
8888
5079
1057
8449
1565
9697
2928
252
1212
2763
7261
981
28
487
8115
3554
8444
7179
4406
6848
6330
5624
5627
428
8857
6052
5213
1126
1829
8438
4124
5829
3989
6447
4702
97
5156
7800
3002
1857
5763
6352
3641
1579
4505
8786
42
3448
1691
6223
4474
4979
373
1044
8963
4312
256
5749
1374
5175
3031
9827
6520
642
7617
2683
560
1309
7637
5997
5610
859
6483
9594
8223
8513
4485
7558
9867
8212
3698
8552
2882
7258
2216
2159
5708
2963
3385
2058
39
9648
4299
1486
236
6509
8466
3713
781
7408
9139
7555
4151
4732
5561
7394
359
5530
9137
7878
379
8403
9463
9240
1853
3515
7096
3276
1909
3111
7339
7646
7845
2928
9386
3291
3647
4903
2097
4448
6250
9244
542
9885
6196
1716
2157
8203
3672
6951
483
1295
2991
4176
6412
4520
5222
9138
4085
8351
2303
98
4630
7452
6613
4749
7210
1696
4557
6578
6174
7708
5337
1436
9988
4639
5086
4259
7846
9963
4600
4866
6390
6840
7638
2281
8206
736
2420
711
6914
1764
6205
2596
9397
3789
7033
2362
2829
5764
9371
6020
4954
3327
6615
2149
3517
6924
7597
1224
5696
9016
8426
9690
5531
4911
6072
9457
1796
8916
9508
3737
4164
884
1575
3241
2542
4681
6499
1289
3254
9832
3858
777
5284
798
5104
1596
522
1918
529
1334
6456
337
1344
2360
4174
4487
9496
5274
957
4685
6981
9494
480
9117
2811
3093
4072
6931
5094
6981
5948
6532
2231
5288
3046
1660
7702
3947
4191
9509
3312
3883
2717
3541
33
7843
3849
1187
4853
6667
9894
181
92
6493
661
8358
5766
2567
6583
1355
7494
8893
5101
2639
9993
2188
5801
8259
4152
6341
7878
3694
3550
2493
5851
5443
372
5998
1314
2706
4649
5292
5335
9201
6313
1487
2185
952
2827
4682
6445
2108
9944
7299
1390
1357
2997
2713
8958
4113
7650
5622
3706
133
7833
4968
3121
1045
2201
2884
7614
1029
8053
7731
5627
7153
3152
9593
8526
6060
4257
9505
8880
2275
4039
7098
9147
9333
7495
1504
1168
5931
7662
7855
4855
4342
7781
862
6985
2914
3761
6560
6346
404
5761
4756
1578
8478
5065
7892
3383
9121
1171
190
194
6747
7896
8153
8361
6263
9904
4878
5191
5136
8275
8397
8708
8095
2123
5974
6096
3155
930
3709
814
5555
6881
1519
9647
5659
8368
9975
382
3193
3641
2451
7840
7693
8767
9739
4111
5313
6222
2230
8029
6158
3182
9516
6698
4724
2221
2432
193
7869
6433
3265
9132
5377
8623
9836
1211
651
5741
6175
4906
1949
9133
6504
162
9428
8371
7253
9804
1568
7010
9728
9847
7259
652
2895
7207
1994
9320
3754
2611
7390
9000
9332
5725
5221
9750
2062
7512
6519
4079
8674
7672
3522
8840
2628
251
5864
2491
6916
9427
7281
1978
9544
6792
7846
5710
9017
9655
9127
1324
2330
876
1475
5372
2245
4730
8401
6570
2589
5324
2980
3530
4941
3181
7201
2705
3150
2289
2942
5049
8839
9210
4383
5215
1407
724
6844
8894
6330
2449
2845
1554
7331
6362
3894
4727
4862
3253
3831
1476
9220
2679
693
4704
5065
6546
7751
3402
6795
5506
6805
2548
1326
3000
3616
9848
6175
6679
8930
1600
9789
4184
760
6734
9872
1019
3923
405
2037
9891
7930
8829
3727
8331
5233
5026
1354
9511
2780
9400
5250
5307
7283
2198
3742
391
5424
9475
4205
4993
6430
2087
8247
9280
3858
8747
9008
1277
9125
9802
6094
2120
184
3599
3116
2277
5032
2717
3845
5296
9981
3610
2921
2099
4895
1720
4952
3659
9817
9125
1100
3639
9439
9336
3000
8077
6330
2795
2862
3304
8250
3226
8454
9883
2523
8473
8816
9179
5211
833
2702
6070
1718
2076
8125
6858
5610
9131
2693
983
8823
5794
7792
8822
3083
757
1008
5158
1396
5561
5669
2125
1959
2371
598
8961
5102
1581
1144
2729
8657
1684
7663
8261
3537
152
2908
3323
6177
3687
3088
8192
7132
9425
5091
5183
7150
7523
5903
9642
7625
3287
8028
1787
4621
9134
813
3581
9700
7769
2751
2343
8062
5308
1857
7974
175
4878
4607
4325
4517
3373
5642
927
7072
7373
2103
7030
2020
3027
1380
628
8122
2383
7201
2923
6172
9537
9200
8451
5006
5832
7911
8315
9044
267
8635
3795
3425
6339
8364
7937
9156
5261
8391
9782
5762
7126
5161
8222
3158
7948
427
655
9773
541
9556
8024
9072
229
8682
6016
946
4229
7388
2447
5176
7076
6911
2218
8239
6201
9882
1563
306
6899
544
9214
9767
8327
4243
601
6648
6671
7400
2667
6789
5156
6706
4698
9211
1045
2336
8303
7958
3046
7509
3746
684
2417
315
4576
1326
1148
3192
2429
8145
9216
5657
5050
2385
9727
9846
6772
3205
3097
1046
2696
1238
8056
9802
6234
7384
6328
4933
261
5412
2923
3929
46
3758
274
4371
9325
3005
4214
8437
2147
3255
8355
9909
1474
7129
2248
5892
6074
6227
3499
5819
6157
725
506
1497
824
6981
8235
5667
8325
2376
343
2859
4489
5651
8782
5652
4849
2299
8228
2790
4677
7192
5288
4348
1804
2189
8050
1507
4881
9438
5525
7108
8183
13
7199
1675
8430
1918
5732
3213
1091
2810
7141
6601
2299
4118
9477
6952
5990
7495
3175
8959
8548
777
8297
6902
2365
2988
6315
8068
1470
7501
2560
4813
2546
7042
1969
2213
7674
2513
6561
5543
8053
3198
2026
2633
6823
4998
1122
3947
8888
2772
3606
9220
500
8677
4074
4599
6340
5240
9305
3382
4070
9563
3883
7677
5608
1949
743
4169
7847
5043
6368
500
2217
7434
4432
7716
1474
1689
5057
6408
8785
4301
2196
7679
4109
4930
1910
5476
6469
7457
9270
1493
8732
795
9352
2257
5735
9176
8122
3696
519
6485
7440
266
6414
1174
5368
6431
8687
9270
4583
5903
2660
3278
2552
1597
9023
6116
872
7221
1422
3606
6773
2054
9836
948
687
8194
3646
1442
1054
1213
7066
606
7586
6316
9172
6107
1880
6902
268
7902
1127
6115
2978
6483
9391
134
5858
3010
3327
2438
6713
3751
2745
7272
4520
9061
951
6610
3463
7486
6202
1145
393
7420
6166
1548
8766
1946
2527
948
2997
8674
6789
6024
5140
5490
62
4058
715
4136
360
6780
5047
8425
1385
5333
4399
3027
7253
2520
6258
7573
8574
7223
253
8814
4121
3432
2779
6332
6583
3622
1567
3059
4029
6074
9964
6399
7271
4186
913
9996
8168
7489
6612
6666
326
6131
7626
9980
464
5439
8636
1747
1051
4150
1927
1781
1495
9376
1622
4829
6547
9641
923
2749
828
9211
6259
7474
9786
5877
752
844
940
9995
3319
1383
414
7687
7576
2749
771
5363
2283
1063
3563
1290
5674
1610
2854
4600
6689
9342
9163
1938
9168
2747
4283
1328
8062
5808
7535
9080
1215
5174
6574
878
8938
9559
2129
9880
5509
755
1950
5743
6542
9011
2064
1523
5819
9418
5004
2539
1970
5285
3086
9291
5304
1726
4972
162
3387
8098
7281
4062
3461
4917
3613
3786
8209
1128
5881
242
4624
9827
2784
4609
5565
9768
9942
7720
1391
5225
7329
4844
4666
5663
1325
3711
7410
922
965
5614
2022
5950
7679
333
8079
2044
6272
5066
4090
4059
8157
4901
957
7786
6171
1547
480
5508
9079
4935
5579
6242
151
4250
8725
4373
3055
3825
8444
5149
6540
7356
7462
8790
2532
3901
9419
3579
4828
4664
5616
7030
106
342
1581
1257
3314
631
2764
1215
6888
4391
9785
5093
2721
3133
1139
7050
5873
8879
9599
3393
507
6946
7069
330
4970
3205
6523
390
5180
4103
7553
4274
8378
2100
779
7359
6748
5861
6670
8767
2172
4503
1286
9617
9828
2392
8678
345
5145
1239
1886
8006
33
61
7977
5882
5709
9133
1309
721
5977
2565
791
8231
1667
4566
7556
1184
4729
4128
6743
6519
2762
9087
5804
5239
9285
3916
8526
5055
9743
3673
3734
6077
3495
9089
6909
4428
7351
5171
2876
7558
919
8373
9212
8840
5948
8028
5840
7179
899
3883
7619
9172
3217
3708
6573
2398
6187
9099
5327
6369
5076
7567
7120
6020
3979
9556
1047
8258
3484
685
1072
3982
3817
3371
3917
6392
391
3167
3200
1808
4926
4251
9070
7492
1265
8327
4339
5369
655
4833
30
7856
6965
1248
5280
8178
2542
1695
4522
5056
4003
805
5077
4477
1007
2145
1793
1808
9966
3847
8785
9433
6271
4198
313
1271
7741
6404
9787
4388
3064
5269
9327
5765
8814
4325
6090
6764
229
3355
4135
8245
2101
1290
6980
8319
235
7668
2214
9732
4749
4343
3
1522
7228
4723
4558
2181
565
9401
7293
589
6317
5171
8117
1810
8778
2722
37
7071
1663
249
1238
2076
7350
7585
8601
4379
3411
3744
8542
5662
508
7847
37
1069
7823
7139
9843
7253
1509
5530
199
8201
4860
716
4247
2623
2254
1767
8264
2558
3305
5492
2118
9046
374
2328
4004
4837
3989
7214
5564
4886
4037
290
6151
8342
3097
6165
6240
507
8267
2387
3408
8454
2821
6267
8340
5314
9713
9746
7497
110
3602
1650
1768
320
5562
2156
8645
8102
4416
8185
4692
5083
9189
2403
7678
6044
8003
7437
5641
6776
7802
7950
3602
5533
3055
3318
7108
2463
2856
2503
3520
1594
2427
4734
3591
2861
2455
3073
3219
5957
3350
4335
572
1848
8741
9006
2862
7000
1264
6363
5351
3107
3211
6095
522
8830
9503
8686
4285
2221
7262
2632
2350
4653
7168
268
1879
1448
6197
7291
2859
604
6549
8904
8973
3167
7775
8826
306
8772
5603
6938
8628
7148
6256
8239
7951
5441
7025
6106
6292
3152
1774
1509
4110
3985
4494
7731
826
8490
4783
1399
7752
8841
3279
994
2964
4446
9587
8041
6998
8547
1223
5407
4655
4952
2284
3887
359
2301
8655
5570
1502
7128
9477
5439
2086
9603
636
5603
4206
3319
8339
3911
6002
3693
8423
9883
1593
1709
6416
8966
4420
364
6121
2736
1670
2736
8940
1805
8258
1308
7604
1578
1299
7576
4451
8319
7399
5667
1885
7742
3173
339
8724
5406
9075
6788
7431
9496
8851
8459
5725
8072
3543
2082
4346
9759
6053
6926
6059
1077
6390
4315
3382
5628
3223
9102
4453
6979
7718
8737
646
6202
2179
3010
1970
4022
8385
5772
849
3392
4419
1949
2072
455
6393
7702
2084
1942
1118
8190
7022
9076
6862
8215
8484
3634
1402
7368
5379
7031
1683
5584
9380
6433
7235
3825
7563
3773
2049
9976
4463
5430
9164
9513
1823
2043
4746
4069
324
1712
4681
66
8770
5768
3376
7782
1682
3126
2470
5762
8151
4998
1824
2344
3085
3105
5848
7810
4580
1851
1043
7464
2482
1068
8334
7047
1530
6922
2529
661
3994
3796
9412
9929
2362
6751
4943
8033
5548
4934
6422
4421
589
1306
7892
4286
9077
1503
3377
3655
4179
9251
6338
2379
6938
409
3961
6453
3581
391
7352
3797
3981
5300
9677
2930
4632
5957
254
2335
1102
7567
8134
3281
7147
4199
4113
339
7416
1197
7765
3268
1816
1118
5622
9939
181
8758
1863
2351
8975
6464
221
6629
1200
3857
9610
206
3325
857
9301
8544
599
9653
8983
3263
7449
5255
1495
3406
7107
5697
6601
1395
3975
9026
6871
2835
6169
5170
9439
6665
6535
4773
1536
3066
3696
6804
294
8057
5496
5701
9575
7966
2621
5089
9748
3277
3936
6714
7328
6005
6421
8826
5384
2457
6455
378
9124
7605
3217
1117
4219
4511
7848
9944
4019
6079
3070
5060
690
3900
3884
5497
4378
2439
8642
86
5307
9511
6278
8328
768
8431
6384
2949
2739
1647
1124
7943
7152
1801
9130
388
4176
1100
1924
1315
9600
9535
3574
9706
9914
1448
930
6021
417
7640
7579
4641
8719
2113
1699
8641
6542
6920
5816
7891
9769
7692
4781
6906
4339
1703
9579
89
7116
1685
4596
7076
240
8280
4040
8518
8483
9851
7116
6381
1814
5609
8233
9293
8286
9408
5909
116
6612
2506
9157
5165
8550
1936
202
6392
5282
703
2462
6695
8817
114
8633
3122
5587
2786
6750
8818
6374
797
9570
7335
8731
6075
774
5170
3684
8138
1115
3532
682
1641
9569
9760
8962
1904
4670
5557
635
5716
5333
8496
8967
2656
9916
3996
8187
1752
2195
237
4541
7655
8888
3634
1168
8026
7078
2243
3214
3768
5905
4952
328
2172
7362
4282
8328
2300
8686
5604
6549
423
638
5829
7322
959
1532
4422
664
1882
874
336
6879
7532
9920
509
6506
9125
8310
2847
7800
6921
3992
3455
8342
7005
2174
1722
7428
33
5960
9447
9337
5783
6700
608
3694
8195
6395
4590
9336
8333
8933
9225
896
9347
8475
3618
5463
831
5609
8384
7315
5742
2556
7946
3086
2062
1948
9642
8012
6162
9663
8065
8813
7086
747
5423
8248
7333
7721
3097
2936
2205
8848
8623
6255
3034
1300
7314
2276
3013
4219
6182
7832
8623
4050
8077
7574
5247
8715
8694
8992
2061
2563
5536
5886
1410
8730
6667
9594
4952
1463
321
5792
8355
3677
8268
1459
2737
4341
3169
6413
8766
804
9273
7992
4682
4613
2361
7656
2934
5908
1701
4424
3299
8406
551
5475
5709
8783
3854
3378
8114
2203
2720
6327
1171
321
4663
9159
8783
4956
2494
1929
427
6598
3851
8449
277
2293
5052
547
3967
5454
2522
5649
2426
1459
4806
390
5919
8425
7707
8159
3029
4031
4892
1668
7358
4158
5954
797
5952
9532
9349
7504
7403
1685
9638
3219
928
2727
8489
3152
5600
8050
4487
2796
6102
7045
5815
6653
25
1977
4273
2947
1144
443
6083
1695
6729
4056
1194
5206
9653
9030
7519
7660
532
5072
5725
5943
6272
7427
1219
1921
2927
1107
1938
6604
9210
3753
5505
5473
9861
5417
6213
5986
4115
4728
3636
2785
1355
1133
1814
8860
3138
5484
9925
1655
8016
4403
6841
8681
5609
1811
5785
5103
4315
1368
4226
7042
5637
6713
3802
8271
9609
6060
9273
8710
6941
8289
6378
2452
519
946
8365
3500
3741
3400
812
3144
5763
116
7434
4421
6591
2563
1661
6114
1610
5620
9260
7086
9073
7950
5700
2535
3027
9428
6262
8208
9795
1185
9190
6074
3185
3958
4270
3778
7188
8680
6368
7706
8140
8236
7609
4134
8209
3345
2246
4534
4520
9469
4228
2871
9572
8579
863
3841
1890
8716
8917
7352
7196
289
672
2386
5329
8209
7133
1050
55
6925
4446
4028
8397
2162
8270
2142
3162
5299
8998
5118
1167
6195
9820
682
7546
8355
1504
2264
5259
9310
2246
3840
4784
7259
4605
7775
7259
6122
9137
5017
3541
5275
7529
6104
4691
8931
6411
4784
9852
6565
8627
3850
608
6342
6888
1886
9962
691
5264
3520
9389
5838
5205
7467
9720
2299
8952
1138
4016
2631
5146
817
4375
940
2449
3403
3937
3249
9776
7001
3656
6132
1798
3520
4138
5479
3296
4312
9363
8478
700
555
9454
5971
1886
6717
6453
1210
4857
7643
449
8575
500
2126
4582
9373
8819
2250
8451
2842
3548
5269
6249
1756
4813
760
2789
7975
1935
5356
9288
8847
1871
7070
1064
6186
5392
5969
8645
4170
6199
575
332
928
1790
4464
491
6440
6327
1730
3341
7004
6652
5451
9659
478
6060
1719
3740
4801
7043
2848
6488
5927
4109
3459
4357
2046
1054
8712
6141
9004
2255
7085
6456
7125
7629
7772
4124
1869
1271
3906
8310
6604
5266
1118
5060
8259
1510
2376
7466
9964
6377
776
7451
2155
331
2756
9989
111
7895
2734
535
3811
545
1357
9266
8604
5567
3806
6042
1866
60
3101
3988
3162
2588
9426
3359
5514
4919
1082
2945
2060
5411
1428
4070
4488
8345
605
9372
7313
8022
8284
3683
1682
212
445
2384
8169
3372
5946
5620
8969
7530
5189
285
2029
3890
9709
5384
842
2355
7815
7027
4634
227
1081
7279
2670
5925
2581
7554
4832
7570
1534
9141
3730
889
7212
9632
4223
6706
569
5341
8074
5717
6167
139
4443
7133
6045
8614
1025
7866
3254
8772
5838
6333
6644
557
3746
6863
7734
2884
3572
6402
8416
2329
1817
9949
8636
2490
3762
8767
2215
6274
3810
9294
4588
1411
319
3012
2796
8186
3258
8817
2423
5778
6593
5159
2827
3802
2083
3221
7756
3950
9308
9268
53
6371
3232
2527
3852
5620
525
200
7154
4180
1057
318
6294
5
3791
7603
6636
5279
9666
1753
607
9014
5980
3893
1247
2170
1741
4382
6304
7073
376
550
5104
8632
9084
3615
1936
6541
8503
4081
8049
9167
5038
112
5044
798
8455
4926
2317
4245
6257
6841
1185
6398
9291
1955
3834
6383
2920
3651
6197
1337
828
3095
3474
2362
5156
5682
987
5603
7461
4126
2829
4438
782
2698
2164
764
8812
4692
9662
6049
6396
1623
393
2719
5467
3132
9269
4189
6692
1971
6215
2079
9225
6860
1515
6172
1717
8110
4000
2984
915
1225
2632
7922
3481
6904
4975
6928
7191
5095
9443
8390
7538
6760
514
7369
8732
9387
4758
3395
5609
5629
8375
5526
5437
7733
2232
8837
4866
5369
8194
1391
8250
7955
688
4501
4935
421
6714
9420
9900
729
5130
42
9648
6387
8196
2643
3382
2692
3341
9048
1330
4847
1357
1998
2161
7845
1616
2313
6768
8907
1892
1187
8615
2081
7451
402
1956
4496
9130
4558
9404
8505
3837
3106
4755
6507
2219
7233
2967
2205
6504
360
1677
5993
3601
3572
1371
180
3029
411
1645
5356
5292
6495
2364
8655
9501
9436
4889
72
8843
4228
615
6381
7201
2520
8589
6820
2865
3718
1242
2247
1346
7304
3898
644
2163
6126
8586
2408
7789
954
8570
9455
8232
1656
2858
8767
6739
9155
5381
6179
9980
2470
7114
3878
7820
5647
2370
3193
3147
6608
4147
1288
8797
9791
9245
9186
5465
1164
8626
8386
5318
3931
3380
1300
3324
4977
329
1532
7802
11
4371
9424
7971
788
2635
3149
7932
6858
2024
3215
4258
8031
7572
4439
4313
9374
3307
2790
7225
5692
1240
3341
2742
7576
9314
4302
5072
8357
3292
1601
7677
5683
6288
353
7197
1944
4723
4321
252
2289
4790
1451
5750
6022
8898
1998
4724
7878
2456
9677
9853
6212
7241
7415
8674
9336
6184
6959
204
3410
5293
2312
5142
562
9303
2436
8901
3686
8781
2682
2059
730
9124
4484
7802
9092
9432
3453
5684
921
3727
8949
7428
8028
7899
2107
6453
1250
4646
3542
9360
1061
5454
2931
2720
6320
888
6709
3839
6952
3428
9736
8359
4732
6503
8090
4680
1299
6563
2330
6862
3429
2868
1615
1980
8791
4425
7161
1324
3232
3265
3682
1319
2237
5753
1715
4014
5843
4958
3302
8562
3657
8449
101
6269
6664
3111
7518
1340
6555
7237
5146
477
3952
1456
1153
4621
8729
4931
3889
3078
1579
6441
9508
6860
2947
5070
6692
6137
8228
6016
4678
1675
1981
1361
2873
5754
398
1655
5669
1935
4296
1273
5255
6721
5611
7564
7538
3846
714
2682
4229
2155
2311
5623
9691
54
8683
1054
9339
2865
4256
1781
2694
4653
9380
9038
3628
9042
8369
3579
3992
1672
9624
1876
7196
1009
4512
8553
5164
1711
5571
7299
4731
7838
8551
8462
9221
2072
5972
3596
1006
3155
5953
7713
7394
5554
97
5120
5113
9592
5389
2110
6737
6257
5944
1018
409
2279
2010
8128
3935
6877
7470
8879
86
5166
9472
7424
9356
5508
4446
3732
2605
3994
7980
316
5597
8522
8980
9198
9131
3246
6165
9798
2611
3495
2269
7959
7963
3573
4411
3581
9158
7022
7142
6065
9546
3117
1136
2363
1744
2254
6347
3243
1624
5874
472
6571
2938
6128
4993
8622
5285
1353
5525
3111
7430
2083
9310
2088
2756
6180
5132
8773
4581
7268
9196
7028
4441
751
3212
7518
540
9410
8655
775
7114
7620
3896
4195
7826
6371
6179
5961
4382
9799
6977
3160
9684
6365
338
9874
9524
4174
500
7618
9787
9831
7076
8296
378
2066
272
3870
8941
3832
3357
1044
4176
8635
4894
6882
430
5852
7655
4615
2471
2327
7605
4411
8900
7258
2361
8548
2417
8724
7717
2825
2782
378
3731
6887
3430
2007
5753
5360
4243
1020
3355
8492
1859
4532
2837
253
4793
9319
1691
4541
6442
4386
5575
961
4811
3086
8128
9555
5996
4676
5901
1294
1898
3693
1448
6306
6031
5323
5008
7311
1857
5756
9295
1923
9837
5757
8172
8482
9993
5210
9431
7655
8124
1503
8303
6868
4358
1884
3397
3117
4267
1475
3690
4565
5424
7046
7340
9932
8829
6662
6388
4974
5409
2747
2810
9271
7321
8495
5446
6286
3408
9130
8938
2806
6398
3966
5156
626
6551
8797
7777
5774
8865
5557
4140
5425
2432
9542
9101
2548
437
8583
1257
2678
357
1947
4462
833
5660
6547
8662
8144
1446
8040
5923
7852
1732
5303
3152
1305
6082
4228
5053
231
5352
6084
2564
616
880
2787
6816
6272
5405
6216
1687
4572
8907
7174
8931
1719
6610
8385
1934
7758
9883
6018
384
310
6489
1118
9784
7295
3768
2195
9756
2233
4444
3133
8262
4546
4404
5461
3504
3710
8392
7118
3842
2741
7799
6786
2067
9250
3265
3977
7007
3552
4485
3967
2905
8206
8070
2749
9666
2515
7021
4114
8284
4931
2660
1103
6360
7022
4132
1292
9175
3366
4954
1251
4415
3170
1898
5124
7636
9778
2810
5119
8655
5890
8746
631
3111
5186
1119
2292
1013
6775
4646
5015
3782
6433
6295
9126
3150
3000
3494
1900
3594
5641
498
7250
2207
3387
2617
1806
5627
442
2280
9140
3418
5357
7619
7099
7248
349
3129
7627
3528
1196
8909
2026
8877
4292
2109
6730
5032
4934
477
4260
5917
1198
6348
5204
5032
5338
8354
9244
9280
8708
9855
8651
6244
6049
2095
2629
5564
9659
337
6105
474
3938
2110
567
7531
3869
9259
8815
6742
22
2155
3957
9999
3378
742
6109
436
5993
6895
6461
8811
7456
2003
4279
3088
8785
8703
1007
3777
9742
758
6279
554
1982
5103
7583
6711
5874
4100
5814
5067
395
9622
2804
9450
2736
4552
2534
7754
462
9822
3638
7841
6193
1962
5037
7613
7667
2606
6725
7064
9141
2496
5027
2091
6804
9367
3200
5671
3703
2877
862
3302
3459
6256
2970
8432
3041
6367
8555
5730
932
6185
2723
2156
6257
7255
2386
1967
150
7654
9521
2067
9027
1774
5005
8903
4212
4316
1241
549
4385
9458
4343
9528
8057
8088
2162
3072
301
7192
4165
3614
9421
6621
2595
9717
9334
7948
9783
6310
3741
72
6534
5091
3795
2573
9818
3590
3272
8754
7350
1426
9208
4343
7715
4971
5536
5044
5236
9852
4350
5841
4698
1515
4730
1829
2287
3067
3501
2096
5357
9471
8913
1519
6013
3681
8599
9575
531
3230
1510
8085
655
9518
9781
3689
4358
9289
647
8591
9912
3994
4601
2800
5626
1289
7852
1400
6327
1557
2663
5067
9326
6573
2138
6760
3100
6693
8041
2700
3004
5758
7850
9119
5569
1926
3903
8084
2701
2826
6581
5949
4416
1801
5844
6647
7483
4345
3370
46
584
3380
6988
4701
9538
7353
436
1578
3918
2422
4592
1793
3635
6674
3141
2105
170
8796
991
942
5382
9355
1359
9291
3391
2788
2076
2965
809
2701
3384
3099
343
3119
4755
9048
1332
7643
9365
8387
1737
3310
7659
8464
7116
7440
8916
6309
1609
1753
181
349
895
8874
1332
3799
6106
7564
3190
4488
6020
2438
9381
7527
2263
9397
6266
9790
3472
601
6393
5431
4849
8026
3352
4993
672
9513
9023
6199
6763
908
1440
7515
5646
5022
4271
8433
2910
6764
758
2417
232
4965
5623
795
224
3455
3642
9492
77
5035
1144
7919
428
5198
8757
4359
3024
89
5205
873
2638
6789
6955
3225
1536
375
8175
6007
8828
5548
9425
2840
3142
9091
3373
7520
47
9958
7716
9550
6986
5701
3406
7201
9159
1678
6440
4238
6167
6286
2289
2590
615
5221
6450
3648
7902
1105
7638
8000
3874
7889
1821
1975
5276
9898
2427
602
6896
3468
9591
7686
4135
6748
397
1677
4821
5798
7228
9562
4369
337
6076
7350
3042
8745
1484
5728
4211
77
6995
346
5974
8669
7580
9738
8852
9008
7336
1572
610
5288
8298
5650
1413
2611
8664
256
2934
8732
6774
7776
926
1575
6992
3777
3230
9816
1014
705
5114
6942
3116
3980
3805
2039
7092
471
9513
6297
4555
277
3459
5831
7323
5644
7725
7468
537
3550
808
4598
3723
5399
7330
8270
1858
6718
2770
8946
1582
1204
2413
1358
2853
6901
9085
2345
1314
524
1875
1918
7366
9739
8116
2354
7686
2396
6371
4141
2081
4998
7486
3863
7906
7311
473
6575
5765
4185
9421
3108
2126
2226
9050
4543
9193
5338
2412
8131
8277
5911
9385
4758
6732
4810
4352
181
1751
7387
5606
2380
757
5924
6763
6129
2081
641
3100
5480
5726
5811
2228
1696
8684
8244
6248
8355
4538
3104
3501
2017
1084
2407
6937
871
3257
3937
9007
116
3825
1069
9212
6473
5877
7869
5847
795
3001
6568
6807
1075
7749
7091
2457
7383
9508
2703
1177
4235
6079
2693
2393
8993
6667
311
5861
2322
3238
5505
6229
8317
3837
3279
7066
196
753
5366
7642
5315
4765
1249
1946
4393
1119
7706
7989
1483
3978
7572
7542
6088
3237
9098
1985
8209
7808
5785
5881
7567
5946
3262
4507
5602
1305
4223
3332
8779
3125
9302
5945
5848
3561
5843
9889
435
3842
9961
7062
7695
9730
8610
8302
2092
772
9070
7055
9471
7549
201
4889
6163
1246
8568
3750
6621
8609
6113
7873
5275
7933
5607
8819
5652
1006
1791
3553
2162
540
9722
3609
4825
1527
7681
2757
882
9949
3613
7139
1045
6780
3111
8666
6237
6442
5248
3280
6845
4069
5762
1144
3225
9480
9423
2421
6510
4919
6144
5394
6765
827
3805
8595
7773
1329
8672
1140
5732
608
2912
6019
9304
9481
6549
2164
4540
3301
1993
6983
3967
2256
3181
8360
2578
3521
2191
1242
2817
1664
2156
9956
5421
4441
8187
3952
1726
5564
823
3863
1785
4463
2544
4937
8954
8587
9117
4729
6955
620
2472
1141
9892
7618
1408
9996
1200
2418
6150
6676
8101
2342
3715
5017
3710
8229
5854
9128
6177
7246
1040
1020
2416
1476
245
6226
50
8742
5786
9709
359
3756
8624
9562
8976
2151
3686
2557
1317
3013
5712
1668
2296
391
4163
9458
7303
4819
5711
6922
4278
3813
557
481
422
8726
1569
894
1223
9337
6507
982
1700
5270
4501
828
2880
3142
163
8661
6293
785
9239
6739
8238
5241
659
2480
9779
5495
4899
5272
1165
5068
3760
9946
8315
7013
4658
6896
7436
7189
2332
2636
8544
1490
7008
8411
8172
8884
8439
6393
5237
9790
1730
6675
6365
6414
9476
7961
4000
4500
2124
971
632
3970
204
7803
8797
2776
7207
6579
5005
8316
9305
3912
8416
2644
7304
9350
1103
4217
8300
3714
1186
3186
1078
6320
3255
9401
3182
2373
3755
4901
3692
9940
9686
135
1429
1759
4142
6995
7561
1609
6837
5416
7799
9218
1173
2843
8233
2863
804
537
52
8831
1468
6109
8395
5440
5025
8332
4031
6803
4209
6580
9011
3950
5139
6375
1347
8538
8372
2518
6545
2926
9185
6689
4059
5722
3028
3324
5126
2537
412
3873
7440
3793
2963
578
9277
9457
3278
1907
6314
9734
9809
6832
8950
805
2158
2366
6246
8869
741
1905
7445
3808
4631
5607
9056
4744
5254
5919
2193
3914
7361
6359
6891
4438
9138
9995
8801
2869
5122
369
1840
876
325
5987
6733
821
5070
9439
8156
3934
4408
3496
8729
3238
3455
8495
8486
1531
6837
5656
1491
8028
4458
6360
3814
9853
2288
1217
6116
443
5980
5140
8606
6890
1858
7939
2118
5700
8170
1926
1920
1582
3958
9755
7864
70
3622
2813
3580
5356
5709
9290
6910
5311
279
7786
6803
5657
3409
6243
5512
2520
3381
4472
917
2489
3999
7093
7666
6472
3837
7200
1503
3691
743
7060
4973
3729
5982
6305
901
3795
6185
695
5733
3154
5842
8334
1750
485
2701
3176
6045
9139
712
700
6117
9244
9827
3229
7555
2059
7401
446
9345
9781
8753
4096
2803
6713
2457
8656
8566
8133
9386
190
1080
3851
1841
514
6023
5449
1174
158
4976
7940
7987
5727
9368
5249
635
9323
3880
4930
8279
9137
2808
145
7853
8011
1898
5580
2225
6693
8783
6451
2209
8207
8049
1445
3787
2682
1151
4987
4794
455
5597
6847
452
4253
6862
9252
7523
6451
1022
2230
8055
7119
6159
7715
1587
2543
5638
6314
9983
5959
406
1876
792
1018
9807
1424
759
4613
4782
843
4837
4678
3983
5573
5143
6186
7300
7689
3450
3663
453
598
2764
9565
6888
853
6565
2671
8937
5596
5596
4940
2236
1572
3267
8932
3776
1991
8758
6749
4337
3472
4606
8053
603
9871
6511
8349
2298
9994
6450
7581
6489
8037
8148
4488
1835
774
2796
6783
3283
7023
954
2385
9975
7710
531
3227
1126
7239
4445
478
6654
3401
6211
8735
2913
9325
3948
6350
1760
3807
1078
3190
2491
775
9235
513
8533
2975
9519
6782
6782
7642
6303
5176
6002
6612
4309
5765
7356
9898
8610
1553
1686
336
9886
2278
9086
2955
1811
6439
769
4903
848
4223
5278
4162
5770
4861
8643
1453
2611
3391
9728
5886
4341
1719
4631
7630
6
6320
2562
1031
818
7500
1075
2373
9675
8027
538
6125
5175
4769
3213
6548
8083
2280
4291
6509
9152
6619
3535
2927
6091
1294
7812
2043
6826
2731
2465
2892
6020
8972
7628
1779
4040
9859
7021
6060
2138
3917
555
625
2003
5876
7506
367
4297
4948
8134
7383
9063
3765
9250
4674
1754
4906
9806
5957
6634
7682
5057
2787
6591
6236
2783
7321
189
9405
9903
3432
7333
8364
2276
6788
5113
5375
4178
7918
2045
1926
4438
8175
6224
9026
1703
2770
3958
9488
9180
452
501
3294
9870
5690
1519
2453
1664
2160
2281
3334
1284
3201
8167
7597
9944
2629
8984
6407
2595
8848
5429
6504
7478
2014
4412
4687
4193
5713
8697
2261
7322
4948
8735
5184
6540
7496
5582
5037
3269
9808
8795
8885
8983
8022
2758
1267
1678
1260
16
6622
3912
751
6527
7341
980
3034
6166
8444
3971
5304
274
8106
3536
799
5951
9208
809
6100
2962
3856
6389
4020
4354
9319
4959
1393
3048
4270
7761
5295
796
9054
9799
7534
9888
2765
9666
3028
8430
6453
2438
821
8749
9775
183
8458
9714
5676
577
1338
3756
1334
3385
4310
4829
1719
2510
3267
6667
3318
6756
2311
2471
9122
655
4270
1128
5591
1813
4350
7686
363
9505
7738
6171
2249
7808
3726
7076
7429
73
6191
3839
8919
2145
246
4202
2358
6224
6211
9039
7177
8438
7671
2213
4362
6988
6210
1919
8111
7558
9162
5379
9014
1582
9567
3374
3462
1589
1834
1247
9456
8988
780
5759
6171
4909
6861
7462
5689
1613
9798
3242
9235
8900
7865
4568
5555
9343
2176
8090
4629
2723
5242
2431
1475
7029
2518
3571
7194
6067
1659
7521
4955
7163
5727
4928
5532
28
6463
3477
5801
36
3613
7421
6205
3245
1211
1296
9338
9021
1085
4568
6282
5800
8649
6072
4692
2371
5037
9759
9420
1510
7231
9195
3037
4305
7577
8653
6859
403
263
3782
1357
180
3356
6521
6235
1026
8803
3697
2415
7152
9548
3146
2810
8996
6121
7968
8509
6133
1680
6354
3631
3102
8771
4955
7208
9881
469
251
4220
8682
628
3312
3876
5150
3112
87
112
3105
2590
7173
686
779
8616
7628
9330
5101
3404
3269
4875
6291
1278
2657
2118
5572
9259
3218
5100
7039
6621
6704
3825
2079
2447
3401
2774
9687
593
2650
8038
2238
6742
8752
7729
1131
7714
9258
4597
6039
3478
9154
8777
6673
4149
3588
6645
6286
4600
1486
3014
6452
7746
2830
1985
2122
1530
101
6901
2352
4095
7102
7058
7830
595
7212
5980
9112
9385
8766
5842
4201
7929
3216
2119
3125
6504
3753
8019
738
1810
8365
1076
9592
7625
7848
1726
6509
9827
673
3799
4169
517
8293
4685
3290
8260
9310
2714
7467
29
2622
823
5320
4419
7890
2610
5370
2066
4956
291
934
4834
2622
756
7741
208
8892
6252
6994
4958
7686
1448
1780
4080
6203
4974
535
3795
2863
398
4399
4533
5222
8474
816
8418
3717
447
39
4010
9265
169
4788
9454
9690
4526
1520
9787
1705
8346
4457
1135
6883
5150
4115
6993
7862
1302
6403
5842
8410
388
5225
8303
8521
7819
622
163
1188
3885
907
3078
293
3920
3073
1477
6009
4931
6002
7676
8890
3608
9983
7220
8129
7830
5624
4854
2585
522
7977
2275
6255
6022
1896
7322
1259
664
1029
5505
6394
1792
1543
4
9160
5475
6519
9614
8536
9643
1938
3269
216
4584
2209
3176
828
6206
7983
5252
3757
9291
0
4491
9476
8120
4437
8976
2179
9572
7270
3386
9769
3023
2741
3655
5269
3326
3560
2477
7699
7327
3096
8214
9478
6384
2579
8375
9766
8504
7304
8604
8672
5848
8623
9196
6433
8071
9291
7149
3406
1814
1107
2312
1852
7916
2874
6221
2931
3987
6691
6676
9792
4676
9620
8180
5248
7514
9260
3852
4632
8569
2339
103
3480
8229
3508
5432
5725
7868
3110
9044
2749
6806
4123
9982
7381
9342
4925
7218
5470
3054
6154
1811
6208
8783
8591
9794
2322
4170
7321
1469
1351
2258
4309
1785
3521
6130
1218
6855
7858
5626
1038
6896
1247
4779
3135
7825
2257
1241
1637
8453
6477
8752
8385
6231
1632
4906
6401
5973
3113
1140
9911
5528
2678
1493
7030
1038
8111
2407
7606
3691
3453
363
1471
3936
2456
1558
273
3815
7975
2487
2149
957
5448
7156
5226
3608
2446
7649
8883
4717
3765
4622
9889
2961
4539
1183
8123
1130
9269
4322
9070
3816
2013
5581
9001
1260
4373
7137
1158
1581
2634
7256
1451
7076
7446
6809
6795
62
6163
6924
197
8082
8478
6534
1085
2923
1341
5327
3219
8245
8627
3008
5024
8594
1539
2034
5512
8014
4353
4362
2251
7131
2304
7984
8572
4359
5326
4297
8439
8759
4087
6424
7354
6002
352
6390
5719
7556
5782
1234
86
2013
7240
9458
8611
2410
8930
1872
4199
4803
9086
670
8866
5678
7704
4309
6874
7890
8304
5570
2242
5441
2296
2369
1558
9613
5298
5644
7906
8919
2581
9934
6860
387
6648
642
8869
1445
7362
3208
5927
3041
1455
1908
421
751
7741
7936
3736
6107
313
6371
3239
5278
5212
9196
2479
8209
4790
2816
6527
9389
2602
4343
9208
8538
2690
893
1274
2430
8285
1074
9389
6444
8404
3347
9824
2313
7564
3673
4385
4201
3930
7261
1270
3200
5983
8349
6633
735
8999
6957
8725
3084
7592
8851
2406
6093
9947
1297
7717
6386
5727
8057
2720
222
6207
8623
2071
6240
4817
8162
2489
2892
8917
5293
293
8393
8064
3626
613
5961
3934
4249
9660
1084
504
5453
9216
8754
3649
5845
6274
8233
2061
2909
3593
1225
5975
5840
3148
4556
9138
5177
987
591
5330
7458
8239
1580
106
4156
4817
660
4800
5558
664
3567
6761
1848
2418
3925
7917
2136
763
955
3410
1684
7190
586
375
4045
4019
4477
5709
781
5503
5357
7813
1768
6502
2902
2952
4195
1714
9415
4461
8849
9586
1050
6001
5965
6695
1940
8392
1043
1975
4475
2629
817
1208
6638
5522
3189
5207
8417
9680
171
6911
6645
7573
2191
1708
6563
2638
1030
9314
6291
237
8972
3487
2573
3944
6822
2606
8774
2605
4851
1854
8696
2021
6800
96
3356
8950
9974
2663
8259
3190
6115
5449
5052
6013
2426
8654
3860
4464
308
8881
2441
1766
4611
3849
7467
8394
7100
1129
1128
4068
9626
1619
7221
4998
524
8200
9196
2596
5160
4031
5897
4071
2054
8127
8842
8904
1795
8940
1986
1536
5438
1199
6946
7429
8227
9456
147
6989
4474
1052
6876
4333
5728
3836
243
1696
6133
1325
5921
8458
7908
1001
726
7857
2740
9140
1048
902
2430
7136
3127
4495
8828
8357
8143
2951
9134
2349
1625
2061
2775
1564
4963
1643
9141
8004
1063
7916
7942
5364
4793
7708
2835
3095
3637
4571
7158
6138
7182
3163
3461
6165
2817
1599
7444
4340
852
8020
6028
1767
8447
8406
701
5121
3982
9824
8817
4110
3279
4436
633
8668
3104
2943
9021
3748
8118
8553
3600
1109
3774
6130
3131
2017
1659
4421
9031
6819
2302
9607
2875
8908
5347
7988
446
7190
7214
2223
2540
7456
1611
9690
5958
2120
1913
9667
555
6912
4038
2351
9437
3654
8896
9265
1676
1861
4982
4560
3710
1465
2768
731
3070
6528
1270
2563
3360
9076
370
6515
4899
8456
1573
1166
5965
9725
1142
2037
2472
8013
7597
2411
1878
7134
2318
9117
6045
2713
1955
450
3920
2762
6202
1640
4020
96
6660
3111
9933
6648
4007
5253
4184
738
3237
7841
9877
1176
903
7034
268
7605
5359
1155
9741
145
3364
4603
2178
1518
9380
4027
4283
5991
2349
8327
2168
1466
8400
5761
7513
5451
7453
905
1079
1285
6656
6506
490
7039
5251
3311
8788
5177
7432
4889
6792
7036
9708
67
9825
7447
2519
2684
8605
590
8845
8431
1082
6579
5624
8731
1539
7497
6874
8041
9728
1629
2476
5735
9392
7376
6684
4201
7505
4406
5381
3425
6490
9483
1529
283
9537
9836
2720
258
4127
6563
2323
4733
2320
6053
6151
3211
884
8053
757
843
3154
938
1222
1421
6102
7655
686
7413
5158
4300
8814
7762
4725
1123
8663
4369
3546
2912
3122
2529
6916
4144
116
8438
2274
6030
921
382
6593
1438
8436
3805
4815
6807
6615
5667
3990
6951
8644
132
5828
3901
5619
1693
1872
5323
3743
2451
482
6311
6678
7675
1818
3242
2713
3379
4985
3173
2016
9524
7115
801
2010
304
3820
2785
8662
4090
1425
8693
5800
734
7623
870
3586
2974
8395
6507
719
737
9597
9450
6464
6977
71
1963
153
1721
2144
9652
9743
11
24
2300
535
4450
5917
1525
2698
9545
3923
6838
1036
5220
223
6771
751
1709
8378
1234
2155
100
4495
684
8452
2349
1140
6936
7089
6665
2493
7219
1525
9795
1970
9610
4095
9524
8666
1094
5381
4887
151
6213
2894
7547
7227
6745
3389
4885
1696
5161
6653
5377
9614
1462
8008
1927
8992
3531
7766
416
7635
8724
9353
5856
7873
3297
696
9805
4552
9773
9731
9403
8121
4864
3907
8694
6383
6419
6451
8341
6167
6074
8084
3086
6323
7383
7350
1702
5133
3463
529
2621
2943
4771
2162
3227
1529
602
9259
1494
4754
4839
4391
7093
7212
1150
8789
2144
2106
5637
1177
4181
8369
9302
7394
5707
2627
2573
2161
7155
1027
7417
3500
2124
5722
2617
9283
4051
8177
4734
5250
3947
7085
5103
6394
1117
6944
8535
9192
2841
7418
5050
5396
5396
6452
4622
2535
4526
2832
2707
5577
621
4668
1278
1781
4844
1874
975
5181
7567
7688
992
2542
1892
2974
662
4339
5176
9333
284
6454
8503
9376
1725
9983
8868
4326
4361
5813
3328
7511
2609
5789
4599
5809
1002
904
8837
9528
266
9823
6285
7535
5906
9982
6953
6866
3374
6503
2571
6003
2347
9610
4757
3704
1370
9820
2616
4662
3701
5204
5264
9774
794
1668
3629
5327
4879
5421
9596
8237
6181
6893
4411
8475
2517
4320
9480
7878
5498
9001
8300
6561
9317
6924
7414
6714
9004
7792
3857
4666
7792
1298
1208
2584
8475
2473
5269
1434
8595
9552
6312
361
1369
4968
7106
2238
5316
6054
7838
2070
4985
987
2339
4187
8235
6546
9442
8462
8390
8061
2449
2253
3560
4537
5339
9129
2971
7838
3317
6997
2700
7256
1729
1565
444
5508
615
5226
5377
8067
2106
362
7394
2239
1739
8523
4890
3493
9412
1734
5880
5339
2999
591
9254
7856
974
5877
7
4319
2170
5756
726
9172
5903
8327
9282
9221
422
382
3314
8027
7969
9929
6116
4307
4694
561
2422
806
9060
8399
3976
8524
6887
9395
8209
8681
99
1113
369
6296
6452
3513
6982
846
6888
9560
7979
1453
7532
618
4124
9690
1941
9834
5329
2979
5175
5349
3012
9371
6209
5405
4189
391
3105
6177
5280
7810
708
2035
5749
2813
1314
44
1310
7394
53
6372
5412
2595
5332
2622
4290
5334
2862
4481
524
3205
4125
6462
2756
4542
7922
4125
3532
7530
8674
1055
2981
7117
2237
8666
2252
6837
632
1071
4294
8010
3947
6792
2400
2718
8006
2074
3462
9796
2209
8795
1880
1751
6491
367
5614
3781
8749
7943
5855
5297
3553
5275
2284
3505
4960
2007
8515
9065
9964
446
656
1269
4354
8063
7898
751
6151
9958
5054
9716
2108
6357
3406
374
3203
8697
8839
5639
1338
6671
9068
8823
5187
6920
434
9222
8264
3811
1229
8529
9212
1415
3863
1947
2469
996
4220
358
769
5970
5451
602
8317
4181
1217
3311
6787
7260
5405
8482
1341
3390
7814
4897
2382
3218
3844
550
7264
4892
3281
7373
1847
9207
4289
6277
7443
7781
5035
7083
1076
8406
9689
1166
4419
6794
983
7350
5474
3650
4354
6570
8410
7543
4060
68
622
7971
512
1226
9882
3234
3770
3010
1451
3871
1957
4750
4015
2674
9382
7973
4883
2172
6176
576
1252
5059
4706
8654
4
3789
2629
8496
777
1269
9298
3069
5951
6539
1161
3748
277
8945
1720
6460
2876
1354
3803
9727
1812
6702
7139
1641
8798
6575
3015
2767
9373
2728
7185
801
926
118
3211
2451
9462
5463
3432
9032
8547
9816
8020
7217
3826
1893
7657
7536
4093
9662
3020
6145
1383
4119
4544
8145
497
4068
833
9744
20
9696
5155
1396
7852
9952
7796
966
833
2775
5489
2452
9573
5870
4887
1186
2832
7945
531
6489
2970
5442
5947
3896
9364
3719
9154
6997
8405
5807
8426
9532
4620
2793
366
1580
8105
2991
918
7215
6148
6221
3230
7123
2817
8754
7700
4465
3458
8346
4232
6104
8139
6220
9560
3659
7623
2857
1918
8258
584
9326
1881
5250
983
3240
5168
4566
3544
656
3986
5683
3023
510
1227
4993
9501
6320
5227
8777
551
5714
375
8835
3482
1554
9270
7164
5728
8523
6018
3730
2753
2887
5721
9845
6926
8625
8625
3146
9023
405
7594
3002
3411
3209
5124
2911
5689
2344
390
236
3830
4602
4977
8313
5221
9319
9680
3287
600
3178
9424
8878
4724
7568
3840
5639
5760
6240
5167
44
1376
9868
3925
2674
6193
4088
1845
7638
7827
3139
6449
6255
8138
6022
3341
6135
7346
4301
6353
6606
118
449
6827
2305
1200
5319
6940
6046
3847
1696
2718
8236
2392
668
6288
9587
2240
2445
8880
9858
1309
8577
3455
5045
9415
3508
1786
5737
4570
9676
4501
2246
4258
4506
3272
8610
7036
5825
5773
9885
4701
6063
554
8545
6619
7071
6612
7118
216
3414
1829
7849
1142
9917
4439
2957
5207
3969
9224
8911
109
9188
8724
4375
912
4665
6579
9308
6247
4291
3948
9484
3444
2231
6794
9368
7937
2532
7569
3687
3296
3694
324
1680
1574
6854
5992
3823
4389
2634
4082
842
3385
2408
2062
9050
4919
6887
7053
4143
945
5585
920
948
5880
9794
7515
6008
7599
1321
9913
9023
2021
9075
3380
7271
9856
6854
8593
9255
6948
5590
9877
3244
7238
5828
2872
6731
434
862
3357
807
10000
1493
9658
9265
7523
6696
9505
7217
976
3551
5610
6359
1950
8275
365
1007
3572
6470
6851
1959
3894
1770
6525
6966
3293
9563
8653
7501
3813
2273
7048
4734
1704
101
3608
7554
8668
8101
1914
6931
142
9300
6277
4505
3533
4336
8337
8735
6475
6713
3490
3867
1619
3964
2980
9374
6869
527
2844
1087
6057
6124
5178
5580
3757
2838
341
4516
6000
715
3273
3675
5345
447
3071
7428
9434
1983
3788
8772
7531
3398
916
792
7485
2052
9755
7995
5809
4172
4805
3384
5216
9760
118
6149
2413
4178
2138
8349
8953
3446
43
7252
9086
1081
702
3115
9409
3512
3589
7858
2437
4671
582
5575
7025
9948
4014
3548
5857
9789
4104
4705
4935
2492
3004
406
6252
5870
4147
5970
8642
6028
2771
3342
7950
1524
6384
2597
1283
7861
244
4885
2254
6343
7551
1152
3328
7650
3481
509
8701
6670
3552
1176
6499
4003
907
7870
780
1386
6092
4092
4027
7991
9602
518
3329
1979
8093
8758
9004
289
509
3402
7850
2284
5955
1197
9633
9093
1918
1727
746
5444
5525
6891
3282
4909
5815
5432
2838
829
2513
8709
9148
1542
9340
7297
2350
7290
7952
2897
6591
7471
3638
7222
3543
9477
8408
8122
3480
9927
7891
8782
4927
5611
2605
3085
7833
6314
7366
9114
9043
1896
9589
7742
4832
7821
5595
3238
4827
1927
4771
2455
8701
7546
1264
1435
394
6271
7960
5082
1963
5924
5733
8258
1688
9742
1806
2806
1757
942
2801
2225
4779
4603
6188
9899
6938
85
4520
4815
2258
6391
3588
4737
9291
6970
6271
1696
5486
9560
46
8112
7961
6248
3211
8397
68
5848
8860
1307
2543
8724
8636
7464
57
3363
2830
7425
8124
6783
0
8191
4458
4082
9476
7015
9728
8977
2743
1760
1543
5000
7504
583
3718
3224
6446
7494
5401
5980
8827
2742
712
9216
9091
730
9684
1052
4097
6524
3440
5107
6290
3290
5237
9422
5252
2949
7111
3842
4701
3910
5474
5093
3999
9642
3392
6003
2663
9355
2162
6792
8134
905
2927
5046
4490
3176
7546
7961
9750
8560
5381
3891
8844
9107
3743
3510
4240
4998
8412
356
4783
4701
2599
9154
243
3234
2102
7742
9761
8721
2230
4640
8463
9777
2056
672
442
1742
5613
7960
6896
3555
5416
9881
4641
637
6560
8008
8659
2922
5747
5491
3479
6130
8264
7144
1396
2065
5297
7341
9103
2905
7656
7474
5071
6026
7551
9282
8750
4858
2508
8485
3056
6336
1411
7360
7997
5607
4803
1491
2717
7330
39
2289
3114
1799
2172
4988
7654
8078
9824
8446
8983
114
3113
7921
3577
3291
3653
6811
1931
8887
1534
5523
4826
1723
2672
7906
7499
4113
4936
7924
7299
6396
5581
6872
3612
7460
4015
7691
1668
5202
8925
8227
5611
9153
7891
8165
1926
1011
1170
4137
6057
8162
6049
3680
8308
3610
4485
2046
9757
8546
7830
6547
2779
4570
7798
2615
2497
9230
6444
3238
2841
443
8886
2904
6351
1765
2038
3853
1392
1442
3534
1242
4476
3851
4210
7545
814
6538
4080
1951
9315
7822
4484
8745
4851
7137
8021
2771
6695
6819
7586
3569
7878
5729
3046
4983
7254
4285
7517
1525
436
6971
6547
309
4615
5385
2553
3512
826
8320
614
1238
4501
2637
7594
3623
8376
6099
9546
8786
9485
123
2788
2880
9342
1042
2463
1248
7151
2290
8466
1203
2083
4478
1379
1372
7277
4203
1181
1963
139
3521
4393
7801
5666
250
7553
8813
5737
7709
182
7186
2289
1193
7081
5031
4148
3274
4544
6429
297
1352
4534
7188
6732
1049
1764
8289
8551
2738
9368
5911
4679
9837
1672
4319
1936
4846
878
4036
3994
7279
6432
967
5677
1963
3930
5175
3044
2644
744
404
9056
2686
3955
5665
2175
7448
5311
2301
6682
5380
4092
641
2429
1571
3995
4038
9687
2730
5724
1958
8592
8190
4821
3689
3510
3820
6081
8309
1980
1084
9951
9169
523
1115
3241
9156
4214
4796
397
3333
9853
6460
5434
1356
1992
2909
1727
6033
8038
2973
716
7091
3584
2415
4705
1086
6794
9299
8488
1520
2570
1551
5790
7341
7944
8830
412
2706
4038
3647
4617
2708
3591
6849
5310
2249
2827
8234
8873
8759
6456
5335
6519
1071
1029
457
4583
1415
8301
2741
2193
9251
3875
8690
4939
8926
3663
4505
7448
1809
6087
7262
4273
1604
7961
3757
7845
6607
9452
4637
8259
5942
9514
6289
154
3212
1593
5635
6398
8930
9984
3156
7841
3071
3813
685
4275
7357
7472
1646
2949
3817
2401
5924
8754
8686
4607
3563
9940
3741
9345
2436
7456
5228
8451
8945
3236
2010
881
3702
2826
120
1413
9806
2747
4208
2443
8876
5541
3262
4381
9058
8931
3072
8934
4780
3069
4896
5334
8847
3470
3781
1525
6165
6429
3667
6540
1235
2515
6918
5163
9741
1016
3445
6639
9195
3781
2183
9870
240
2401
6156
1621
7408
3389
1542
7209
8618
2664
9493
4124
4327
9431
6707
3270
8539
2204
1521
6081
4472
677
9913
4232
9260
9774
3282
7186
7972
584
1702
8677
1787
4016
6602
7487
7376
3954
4023
2100
1366
9188
7802
8462
3594
1338
4650
222
6208
1303
1051
1008
2113
8592
7282
9938
4941
7685
8198
5693
7079
9530
868
733
6543
8653
2925
3855
5739
8070
7685
7548
7651
1991
868
8462
2789
6052
2392
7317
2004
6664
4361
2109
784
5714
1599
6537
8833
5435
262
1915
3321
7323
2727
6083
7893
2294
6944
3826
4213
3756
2463
6771
9487
9870
1921
1575
7552
3924
4341
870
2500
2044
9811
6381
6833
207
7125
5672
1464
8917
5210
8786
37
9970
4111
9579
5102
8163
8871
5274
7815
76
8998
8934
7810
2975
4459
4658
7029
229
3357
6311
1864
2198
4050
8873
694
8899
4964
9380
4364
4694
8164
3927
5511
3002
9048
4328
9616
4992
2818
7274
7239
3773
2235
169
3621
9745
5437
3251
2008
2476
3590
2115
6809
5064
8381
8710
1900
4713
221
7904
8212
7813
9275
702
5359
4142
5647
9649
5018
5043
5434
6353
6266
9797
7101
492
7816
7700
5676
2786
8326
606
142
8431
5605
9111
2032
7638
1801
6123
3593
9874
7439
5647
6680
1480
1624
2406
2480
7583
3002
3438
7598
6528
2422
4316
7714
1666
5187
4372
2875
5721
9685
9649
3483
3614
1406
2726
4638
9037
5191
4824
1266
5216
9221
8544
4779
8444
6385
2036
5217
4888
798
6144
7211
3098
2540
2844
1618
4615
3283
4661
3171
7431
2340
6211
885
4084
5265
5445
2380
7608
8783
3349
6869
1350
7594
9598
9853
9153
1313
2232
8275
8128
2054
6669
5253
6205
7168
9369
3218
4404
1099
3515
7110
8637
8118
2986
1071
5439
5154
4495
815
105
2607
4743
7846
7679
7833
3612
8691
6483
1785
9643
873
6437
5490
7632
2237
2831
8775
849
9394
6825
8345
3100
3091
4891
3191
6891
8156
7847
6607
1400
4949
287
70
5560
8739
2535
9767
9994
1123
2830
150
1047
6471
2657
251
7902
2678
7559
1889
4371
3809
3037
2557
5102
7600
4890
3955
8042
8360
1830
1167
4552
5013
6213
4534
9386
5568
4201
1041
9479
2914
8958
1039
601
9129
2109
2315
9108
4789
6766
3118
5705
8632
7807
6825
630
9235
2863
4905
9757
2857
6609
9867
8927
1058
6687
5707
2733
7484
379
6675
1792
7477
4276
1560
3492
1294
6601
9519
5695
4781
741
9144
2729
4893
7441
2712
3076
9117
6002
9464
5551
5747
6865
2616
854
7521
2748
7379
5501
1146
5148
4396
2053
9650
2162
9643
6625
6197
4731
4392
1528
4255
7694
8443
3914
5853
9643
3323
5588
2917
3185
2487
2859
62
6366
9078
4805
8228
729
2348
6408
5471
2455
5732
5718
160
8733
5281
843
3324
246
8379
2487
6828
4870
9484
1647
3859
1431
7365
6643
6843
3579
7656
3345
8211
6193
9425
2806
5074
2157
8746
6004
5530
2022
5676
4884
1384
3774
7552
1230
7127
5460
162
285
3564
8736
1590
2293
6829
9525
3815
9156
411
2356
4956
4289
8159
9869
7597
9822
826
5634
4989
697
922
4332
4366
6539
1768
996
2055
4323
9969
7874
705
6395
5641
6428
7651
534
3134
8006
8040
4869
3023
9785
3533
7556
1599
8609
4840
4723
3879
5976
1610
7600
2682
1202
5924
3900
4451
7097
7890
7769
1295
8316
8717
2449
3008
2790
678
947
5490
7062
907
9273
4613
5536
9295
5419
3478
7661
1427
4601
3859
3698
9963
2083
7172
2346
7377
7638
8434
7000
4952
2632
4787
4870
5830
6905
2787
4217
2006
7997
8650
4433
5200
8438
2947
7420
4305
6807
6188
338
8579
5965
1894
7556
3391
4302
5382
951
13
3176
567
5945
6536
3055
8712
5332
9856
9013
5257
65
3458
794
7093
2115
3805
1218
7893
5087
8753
6966
3872
9689
4482
8038
4326
8095
1484
8094
7091
4092
5398
3202
1978
8922
9301
6455
4355
4840
8172
1470
1878
966
6912
8583
4102
7168
2776
6535
1953
5156
9017
6781
9818
6311
7660
9259
1306
4271
7029
5863
7350
2041
7809
7707
665
1424
4340
133
217
9649
4986
669
5710
1504
1323
7389
3536
6266
6623
7115
4609
1430
5786
1933
1819
7376
5777
6842
1482
6999
5436
1849
1041
9007
5503
119
8035
6649
8624
3462
9311
5321
8224
3677
3839
7294
1241
1075
4929
3941
9701
9441
6041
1615
4638
2800
7025
8764
6410
4489
6971
8996
196
8092
9587
5718
4106
6406
1149
8095
9342
1136
7486
3113
8989
5428
3904
7368
9629
7187
6420
1925
4937
3411
8346
9120
356
3611
891
9412
2101
8557
4077
3308
5530
181
8200
4136
8905
5340
3567
9930
3785
3136
489
4291
5080
74
7560
4966
4867
2212
7199
9552
9539
6322
942
8244
1701
9661
270
6145
2274
6898
6441
9520
2568
954
4178
7704
2486
7914
1901
8563
6331
8456
439
9847
3270
6216
7113
7622
7411
7624
7992
670
9249
8527
8428
8871
516
4574
6810
9936
9870
6940
4576
8744
8568
3854
2062
9076
9899
6781
6928
8233
5230
1030
7057
7192
4534
2043
4370
6347
1671
9070
8657
3550
3583
6394
2882
6658
8199
5098
1983
8904
5046
3510
2483
6793
7288
8328
6078
9529
2003
8396
5170
9453
9696
762
982
5471
4172
2338
3507
9926
8133
3632
7557
8372
7251
1440
3237
9186
8974
2168
256
8734
745
3611
1975
5273
961
5945
5364
9584
7113
2799
9040
6802
6854
1367
645
3310
5439
7207
1358
9095
4363
2191
8703
3783
5872
210
1943
3423
8591
6956
2944
8622
8553
2501
2936
7800
5083
2393
875
8433
4654
5638
9467
7055
3976
5525
5536
2264
7278
4495
895
8479
675
4694
1864
6509
9509
3867
4726
5841
9230
1493
7632
1304
2908
5890
7161
6904
4988
3659
1682
486
6044
3629
8343
8715
5303
7348
7097
2495
8649
3783
900
2527
3065
4161
5329
4276
8134
1779
7311
7631
5276
9556
9615
9243
7077
3976
1421
8048
0
475
1604
5125
129
8489
4389
8636
977
9123
3095
9048
172
338
2803
393
3997
3605
7661
3199
3807
4897
6045
9395
6222
3234
7227
1482
4408
4078
6660
2631
595
1472
2675
5540
4470
7628
7755
4500
982
4250
3228
8474
7407
8663
6159
9757
8056
1433
8634
1671
3888
6734
2002
5351
6405
2673
5543
6003
7724
5909
939
6203
6219
4293
4506
6311
2284
2679
3226
7762
2594
5715
6211
7004
8439
1354
9045
6975
5749
4147
6863
775
6788
8077
6082
3370
1320
2699
4476
7421
7749
4895
5628
6326
2872
7874
9861
7903
5909
1904
2843
5298
1240
3641
8610
9746
9889
3853
8829
7846
7792
185
5267
9690
9188
2605
4040
6355
7196
1686
3345
2324
8285
3498
8890
6172
8981
4633
3266
8765
9587
533
9206
1697
851
4843
9763
8203
2104
8228
2499
3235
4056
5827
2642
7979
6081
6305
6342
2243
5934
4227
3977
2335
2131
2703
3106
5971
7160
4136
4488
409
6011
4658
3881
8104
5441
5784
6558
7007
6160
9575
3285
752
4572
6733
6383
8519
2135
1865
4492
7076
6442
4322
1117
5376
5355
1584
3609
5794
9193
2852
21
1887
7014
4993
6332
7796
7689
2887
19
1028
6929
1345
7672
7397
5155
4545
9152
8676
902
1650
4044
5606
9486
5917
2941
2208
8340
809
1455
5752
348
6688
9000
8579
5488
962
4479
7210
9455
5275
5629
6550
3641
3735
2023
3432
7272
7415
3192
2344
8069
1717
1580
5777
6816
6230
1266
1820
5885
5772
4088
155
50
8450
7265
5549
8199
3956
8817
737
486
2793
6625
1532
353
4508
8254
5567
4221
2977
8748
1361
6685
9616
6302
1659
605
8438
6571
6482
9754
9028
7490
1441
4979
2344
8498
2902
4750
471
376
7118
6607
4224
1475
1429
7923
8589
444
5948
4797
3281
6077
1468
3795
1351
2190
8482
4684
1242
6171
7388
7545
3535
661
3629
9063
3372
2581
9573
7968
8665
3403
5308
9530
7563
2887
9535
7063
226
8146
8458
5101
3490
9568
2789
8925
5929
2050
9909
9798
3713
9586
6538
3446
5330
5179
5493
7298
8535
1676
4706
7939
5763
2840
5226
260
1093
6577
2070
7722
8312
4022
8384
9942
8913
7461
4869
4651
7187
7029
7384
63
5752
240
2115
6991
5255
6387
6727
8823
7128
9569
5934
4345
9719
9395
8444
6941
6159
9449
2629
5857
6387
4215
1386
1806
2291
5722
5647
7326
4409
5043
5684
3956
1829
7232
5756
9710
3128
8105
1913
4436
9248
5757
6291
5499
4887
57
4944
3082
5766
9862
103
6262
7727
5906
9702
2196
6309
9350
9787
9410
7518
1054
5467
783
5951
163
9721
6925
8673
5565
7025
4606
6350
2360
3720
9960
8984
6311
8850
2837
6023
538
3139
7791
6330
2255
3072
5090
3282
95
6167
7908
1831
2025
130
8822
1699
8897
3943
5931
2187
7015
5651
8384
2128
3369
8832
8433
8259
3337
3383
7575
4016
520
2648
8861
2115
1023
5114
5097
8883
2597
3236
7838
6620
7402
2687
3477
7093
4758
4357
1693
1905
1435
3959
9605
4240
5439
1236
2813
5613
5672
9194
1906
7348
4209
1919
728
731
3509
5811
4340
1445
7064
2805
7384
8669
5742
9825
8297
4610
8238
36
455
8893
2974
5205
9281
5717
5277
1320
3916
5807
9919
8244
5202
3387
5912
3695
2161
5439
5116
9192
7941
667
6884
4725
1078
9990
1993
4979
8097
7356
7670
1884
3061
2461
7960
6939
1060
2243
8767
1565
1903
5979
7353
2077
9737
5934
9215
6338
8628
3750
6905
1817
7229
9054
1941
5927
2693
2382
8752
7810
7668
9581
6462
390
9075
7619
6535
8193
5124
152
6429
7484
658
8724
7826
123
7655
2730
5803
7764
848
8387
4206
3408
4236
6072
4347
2253


0
0
0
3
4
4
5
6
7
11
11
13
13
16
19
20
21
22
24
25
28
28
29
30
33
33
33
36
36
37
37
37
39
39
39
42
42
43
44
44
46
46
46
47
50
50
52
53
53
54
55
57
57
60
61
62
62
62
63
65
66
67
68
68
70
70
71
72
72
73
74
76
77
77
85
86
86
86
87
89
89
92
95
96
96
97
97
98
98
99
100
100
101
101
101
103
103
104
105
106
106
109
110
111
112
112
114
114
116
116
116
116
118
118
118
119
120
123
123
124
129
130
132
133
133
134
134
135
139
139
139
139
142
142
145
145
147
150
150
151
151
152
152
153
154
155
158
160
161
162
162
162
163
163
163
169
169
170
171
172
175
180
180
181
181
181
181
181
182
183
184
185
189
190
190
193
194
196
196
197
199
200
201
202
203
204
204
206
207
208
210
212
216
216
217
221
221
222
222
223
224
226
227
229
229
229
231
232
235
236
236
237
237
240
240
240
242
243
243
244
245
246
246
249
250
251
251
251
252
252
253
253
254
256
256
256
258
260
261
262
263
266
266
267
268
268
268
270
272
273
274
274
277
277
277
279
283
284
285
285
287
289
289
290
291
293
293
294
297
301
304
306
306
308
309
310
311
313
313
315
316
318
319
320
321
321
324
324
325
326
328
329
330
331
332
333
336
336
337
337
337
338
338
338
339
339
341
342
343
343
345
346
348
349
349
352
353
353
356
356
357
358
359
359
359
360
360
361
362
363
363
364
365
366
367
367
369
369
370
372
373
374
374
375
375
375
376
376
376
378
378
378
379
379
382
382
382
384
387
388
388
390
390
390
390
391
391
391
391
391
393
393
393
394
395
397
397
398
398
402
403
404
404
405
405
406
406
409
409
409
411
411
412
412
414
416
417
421
421
422
422
423
427
427
428
428
430
434
434
435
436
436
436
437
439
442
442
443
443
443
444
444
445
446
446
446
447
447
449
449
450
452
452
453
455
455
455
457
462
462
464
464
469
471
471
471
472
473
474
475
477
477
478
478
480
480
481
482
483
485
486
486
487
488
489
490
491
492
493
497
498
500
500
500
500
501
504
506
507
507
508
509
509
509
510
512
513
514
514
516
517
518
519
519
520
522
522
522
523
524
524
524
525
527
529
529
531
531
531
532
533
534
535
535
535
537
537
538
538
540
540
541
542
544
545
547
549
550
550
551
551
554
554
554
555
555
555
557
557
559
560
561
562
565
567
567
569
572
573
575
576
577
578
582
582
583
584
584
584
586
589
589
590
591
591
593
595
595
597
598
598
599
600
601
601
601
602
602
602
603
604
605
605
606
606
607
608
608
608
608
610
613
614
615
615
615
616
618
620
621
622
622
625
626
628
628
630
631
631
632
632
633
635
635
636
636
637
638
641
641
642
642
644
645
646
647
651
652
655
655
655
655
656
656
658
659
660
661
661
661
662
664
664
664
665
667
668
669
670
670
672
672
672
673
675
677
678
682
682
684
684
685
685
686
686
687
688
689
690
691
693
694
695
696
697
700
700
701
702
702
703
705
705
708
711
712
712
714
715
715
716
716
719
721
724
725
726
726
728
729
729
730
730
731
731
733
734
735
736
737
737
738
738
741
741
742
743
743
744
745
746
747
751
751
751
751
751
752
752
752
753
755
756
757
757
757
758
758
759
760
760
762
763
764
768
769
769
770
771
772
774
774
775
775
775
776
777
777
777
779
779
780
780
781
781
782
783
784
785
788
791
792
792
794
794
795
795
795
796
797
797
798
798
798
799
800
801
801
804
804
805
805
806
807
808
809
809
809
812
813
814
814
815
816
817
817
818
821
821
823
823
824
826
826
826
826
827
828
828
828
828
829
831
833
833
833
833
842
842
843
843
843
844
846
848
848
849
849
851
852
853
854
857
859
862
862
862
863
868
868
870
870
871
872
873
873
874
875
876
876
878
878
878
880
881
882
884
884
885
888
889
891
893
894
895
895
896
899
900
901
902
902
903
904
905
905
907
907
907
908
912
913
915
915
916
917
918
919
920
921
921
922
922
923
926
926
927
927
928
928
930
930
930
932
934
938
939
940
940
942
942
942
942
945
946
946
947
948
948
948
951
951
952
954
954
954
955
957
957
957
959
961
961
962
965
966
966
967
971
974
975
976
977
980
981
982
982
982
983
983
983
987
987
987
991
992
993
994
996
996
1001
1002
1005
1006
1006
1007
1007
1007
1007
1008
1008
1009
1011
1013
1014
1016
1018
1018
1019
1020
1020
1022
1023
1025
1026
1027
1028
1029
1029
1029
1030
1030
1031
1036
1038
1038
1039
1040
1041
1041
1042
1043
1043
1044
1044
1045
1045
1045
1046
1047
1047
1048
1049
1050
1050
1051
1051
1052
1052
1054
1054
1054
1054
1055
1057
1057
1058
1060
1061
1063
1063
1064
1068
1069
1069
1071
1071
1071
1072
1074
1075
1075
1075
1076
1076
1077
1078
1078
1078
1079
1080
1081
1081
1082
1082
1084
1084
1084
1085
1085
1086
1087
1091
1093
1094
1099
1100
1100
1102
1103
1103
1105
1107
1107
1109
1113
1115
1115
1117
1117
1117
1118
1118
1118
1118
1119
1119
1122
1123
1123
1124
1126
1126
1127
1128
1128
1128
1129
1130
1131
1132
1133
1135
1136
1136
1138
1139
1140
1140
1140
1141
1142
1142
1144
1144
1144
1144
1145
1146
1148
1149
1150
1151
1152
1153
1155
1158
1161
1164
1165
1166
1166
1167
1167
1168
1168
1170
1171
1171
1173
1174
1174
1176
1176
1177
1177
1181
1181
1183
1184
1185
1185
1186
1186
1187
1187
1188
1193
1194
1196
1197
1197
1198
1199
1200
1200
1200
1202
1203
1204
1208
1208
1210
1211
1211
1212
1213
1215
1215
1217
1217
1218
1218
1219
1222
1223
1223
1224
1225
1225
1226
1227
1229
1230
1234
1234
1235
1236
1238
1238
1238
1239
1240
1240
1241
1241
1241
1242
1242
1242
1242
1245
1246
1247
1247
1247
1248
1248
1249
1250
1251
1252
1257
1257
1259
1260
1260
1264
1264
1265
1266
1266
1267
1269
1269
1270
1270
1271
1271
1273
1274
1277
1278
1278
1283
1284
1285
1286
1288
1289
1289
1290
1290
1292
1294
1294
1294
1295
1295
1296
1297
1298
1299
1299
1300
1300
1302
1303
1304
1305
1305
1306
1306
1307
1308
1309
1309
1309
1310
1313
1314
1314
1314
1315
1317
1319
1320
1320
1321
1323
1324
1324
1325
1325
1326
1326
1328
1329
1330
1332
1332
1334
1334
1337
1338
1338
1338
1340
1341
1341
1344
1345
1346
1347
1350
1351
1351
1352
1353
1354
1354
1354
1355
1355
1356
1357
1357
1357
1357
1358
1358
1359
1361
1361
1366
1367
1368
1369
1370
1371
1372
1374
1376
1379
1380
1383
1383
1384
1385
1386
1386
1390
1391
1391
1392
1393
1395
1396
1396
1396
1399
1399
1400
1400
1402
1406
1407
1408
1410
1411
1411
1413
1413
1415
1415
1421
1421
1422
1424
1424
1425
1426
1427
1427
1428
1429
1429
1430
1431
1433
1434
1435
1435
1436
1438
1440
1440
1441
1442
1442
1445
1445
1445
1446
1448
1448
1448
1448
1451
1451
1451
1453
1453
1455
1455
1456
1459
1459
1462
1463
1464
1465
1466
1466
1468
1468
1469
1470
1470
1471
1472
1474
1474
1474
1475
1475
1475
1475
1476
1476
1477
1480
1482
1482
1483
1484
1484
1486
1486
1487
1490
1491
1491
1493
1493
1493
1493
1494
1495
1495
1497
1502
1503
1503
1503
1504
1504
1504
1507
1509
1509
1510
1510
1510
1515
1515
1518
1519
1519
1519
1520
1520
1521
1522
1523
1524
1525
1525
1525
1525
1527
1528
1529
1529
1529
1530
1530
1531
1532
1532
1532
1534
1534
1536
1536
1536
1539
1539
1541
1542
1542
1543
1543
1547
1548
1551
1553
1554
1554
1557
1558
1558
1559
1560
1563
1564
1565
1565
1565
1567
1568
1569
1571
1572
1572
1573
1574
1575
1575
1575
1578
1578
1578
1579
1579
1580
1580
1580
1581
1581
1581
1582
1582
1582
1584
1587
1589
1590
1593
1593
1594
1596
1597
1599
1599
1599
1600
1601
1604
1604
1609
1609
1610
1610
1610
1611
1613
1615
1615
1616
1618
1619
1619
1621
1622
1623
1624
1624
1625
1629
1632
1637
1640
1641
1641
1643
1645
1646
1647
1647
1650
1650
1651
1655
1655
1656
1659
1659
1659
1660
1661
1663
1664
1664
1666
1667
1668
1668
1668
1668
1670
1671
1671
1672
1672
1675
1675
1675
1676
1676
1677
1677
1678
1678
1680
1680
1682
1682
1682
1683
1684
1684
1685
1685
1686
1686
1687
1688
1689
1691
1691
1693
1693
1695
1695
1696
1696
1696
1696
1696
1696
1697
1699
1699
1700
1700
1701
1701
1702
1702
1703
1703
1704
1705
1708
1709
1709
1711
1712
1714
1715
1716
1717
1717
1718
1719
1719
1719
1719
1720
1720
1721
1722
1723
1725
1726
1726
1726
1727
1727
1729
1730
1730
1732
1734
1737
1739
1741
1742
1744
1747
1750
1751
1751
1752
1753
1753
1754
1756
1757
1759
1760
1760
1764
1764
1764
1765
1766
1767
1767
1768
1768
1768
1770
1772
1774
1774
1779
1779
1780
1781
1781
1781
1785
1785
1785
1786
1787
1787
1790
1791
1792
1792
1793
1793
1795
1796
1798
1799
1801
1801
1801
1803
1804
1805
1806
1806
1806
1808
1808
1809
1810
1810
1811
1811
1811
1812
1813
1814
1814
1814
1816
1817
1817
1818
1819
1819
1820
1821
1823
1824
1829
1829
1829
1829
1830
1831
1834
1835
1840
1841
1845
1847
1848
1848
1849
1851
1852
1853
1853
1853
1854
1857
1857
1857
1858
1858
1859
1861
1863
1864
1864
1865
1865
1866
1869
1871
1872
1872
1874
1875
1876
1876
1878
1878
1879
1880
1880
1881
1882
1884
1884
1885
1886
1886
1886
1887
1889
1890
1892
1892
1893
1894
1896
1896
1898
1898
1898
1900
1900
1901
1902
1903
1904
1904
1905
1905
1906
1907
1908
1909
1910
1913
1913
1914
1915
1918
1918
1918
1918
1918
1919
1919
1920
1921
1921
1923
1924
1925
1926
1926
1926
1926
1927
1927
1927
1929
1931
1933
1934
1935
1935
1936
1936
1936
1938
1938
1938
1940
1941
1941
1942
1943
1944
1946
1946
1947
1947
1948
1949
1949
1949
1950
1950
1951
1953
1955
1955
1956
1957
1958
1959
1959
1962
1962
1963
1963
1963
1963
1967
1969
1970
1970
1970
1971
1973
1975
1975
1975
1977
1978
1978
1979
1980
1980
1981
1982
1983
1983
1985
1985
1986
1991
1991
1992
1993
1993
1994
1998
1998
1998
2002
2003
2003
2003
2004
2006
2007
2007
2008
2010
2010
2010
2011
2013
2013
2014
2016
2017
2017
2020
2021
2021
2022
2022
2023
2024
2025
2026
2026
2029
2032
2034
2035
2036
2036
2037
2037
2038
2039
2041
2043
2043
2043
2044
2044
2044
2045
2046
2046
2049
2050
2052
2053
2053
2054
2054
2054
2055
2056
2058
2059
2059
2060
2061
2061
2061
2062
2062
2062
2062
2063
2064
2065
2066
2066
2067
2067
2070
2070
2071
2072
2072
2074
2076
2076
2076
2077
2079
2079
2081
2081
2081
2082
2083
2083
2083
2083
2084
2086
2087
2088
2091
2091
2092
2095
2096
2097
2099
2100
2100
2101
2101
2102
2103
2104
2105
2106
2106
2107
2108
2108
2109
2109
2109
2110
2110
2112
2113
2113
2115
2115
2115
2115
2118
2118
2118
2119
2120
2120
2122
2123
2124
2124
2125
2126
2126
2128
2129
2131
2135
2136
2138
2138
2138
2140
2142
2144
2144
2145
2145
2147
2149
2149
2150
2151
2155
2155
2155
2155
2156
2156
2156
2156
2157
2157
2158
2159
2160
2161
2161
2161
2162
2162
2162
2162
2162
2162
2163
2164
2164
2168
2168
2170
2170
2172
2172
2172
2172
2172
2174
2175
2176
2178
2179
2179
2181
2183
2185
2187
2188
2189
2190
2191
2191
2191
2193
2193
2195
2195
2196
2196
2198
2198
2201
2203
2204
2205
2205
2207
2208
2208
2209
2209
2209
2212
2213
2213
2214
2215
2216
2217
2218
2219
2221
2221
2223
2225
2225
2226
2228
2230
2230
2230
2231
2231
2232
2232
2233
2235
2236
2237
2237
2237
2238
2238
2239
2240
2242
2243
2243
2243
2245
2246
2246
2246
2246
2247
2248
2249
2249
2250
2251
2252
2253
2253
2254
2254
2254
2255
2255
2256
2257
2257
2258
2258
2261
2263
2264
2264
2269
2273
2274
2274
2275
2275
2276
2276
2277
2278
2279
2280
2280
2281
2281
2283
2284
2284
2284
2284
2287
2287
2288
2289
2289
2289
2289
2289
2290
2291
2292
2293
2293
2294
2296
2296
2296
2298
2299
2299
2299
2300
2300
2301
2301
2302
2303
2304
2305
2311
2311
2312
2312
2313
2313
2315
2317
2318
2320
2322
2322
2323
2324
2325
2327
2328
2329
2330
2330
2332
2335
2335
2336
2338
2339
2339
2340
2342
2343
2344
2344
2344
2344
2345
2346
2347
2348
2349
2349
2349
2350
2350
2351
2351
2352
2354
2355
2356
2358
2360
2360
2361
2361
2362
2362
2362
2363
2364
2365
2366
2369
2369
2370
2371
2371
2373
2373
2376
2376
2379
2380
2380
2382
2382
2383
2384
2385
2385
2386
2386
2387
2392
2392
2392
2393
2393
2396
2398
2400
2401
2401
2403
2406
2406
2407
2407
2408
2408
2410
2411
2412
2413
2413
2415
2415
2416
2417
2417
2417
2418
2418
2419
2420
2421
2422
2422
2422
2423
2426
2426
2427
2427
2429
2429
2430
2430
2431
2432
2432
2436
2436
2437
2438
2438
2438
2439
2441
2443
2445
2446
2447
2447
2449
2449
2449
2449
2451
2451
2451
2452
2452
2453
2455
2455
2455
2456
2456
2457
2457
2457
2461
2462
2463
2463
2463
2465
2469
2470
2470
2471
2471
2472
2472
2473
2476
2476
2477
2479
2480
2480
2482
2483
2486
2487
2487
2487
2489
2489
2490
2491
2491
2492
2493
2493
2494
2495
2496
2497
2499
2500
2501
2503
2506
2508
2510
2513
2513
2515
2515
2517
2518
2518
2519
2520
2520
2520
2522
2522
2523
2527
2527
2527
2529
2529
2532
2532
2534
2535
2535
2535
2537
2539
2540
2540
2542
2542
2542
2543
2543
2544
2546
2548
2548
2552
2553
2556
2557
2557
2558
2560
2562
2563
2563
2563
2564
2565
2567
2568
2570
2571
2573
2573
2573
2578
2578
2579
2581
2581
2581
2584
2585
2588
2589
2590
2590
2594
2595
2595
2595
2596
2596
2597
2597
2599
2602
2605
2605
2605
2605
2606
2606
2607
2609
2610
2611
2611
2611
2611
2615
2616
2616
2617
2617
2621
2621
2622
2622
2622
2623
2623
2627
2628
2629
2629
2629
2629
2629
2631
2631
2632
2632
2632
2633
2634
2634
2635
2636
2637
2638
2638
2639
2642
2643
2643
2644
2644
2644
2648
2650
2656
2657
2657
2659
2660
2660
2663
2663
2663
2664
2666
2667
2667
2670
2671
2672
2673
2674
2674
2675
2678
2678
2678
2679
2679
2682
2682
2682
2682
2683
2684
2686
2687
2688
2690
2692
2693
2693
2693
2694
2696
2698
2698
2699
2700
2700
2701
2701
2701
2702
2703
2703
2705
2706
2706
2707
2708
2712
2713
2713
2713
2714
2717
2717
2717
2718
2718
2719
2720
2720
2720
2720
2721
2722
2723
2723
2726
2727
2727
2728
2729
2729
2730
2730
2731
2733
2734
2736
2736
2736
2737
2738
2739
2740
2741
2741
2741
2742
2742
2743
2745
2747
2747
2747
2748
2749
2749
2749
2749
2751
2753
2754
2756
2756
2756
2757
2758
2762
2762
2763
2764
2764
2765
2767
2768
2770
2770
2771
2771
2772
2774
2775
2775
2776
2776
2779
2779
2780
2782
2783
2784
2785
2785
2786
2786
2787
2787
2787
2788
2788
2789
2789
2789
2790
2790
2790
2793
2793
2795
2796
2796
2796
2799
2800
2800
2801
2803
2803
2804
2805
2806
2806
2806
2808
2810
2810
2810
2810
2811
2813
2813
2813
2816
2817
2817
2817
2818
2821
2825
2826
2826
2827
2827
2827
2829
2829
2830
2830
2830
2831
2832
2832
2832
2835
2835
2837
2837
2838
2838
2840
2840
2841
2841
2842
2843
2843
2844
2844
2845
2847
2848
2852
2853
2854
2856
2857
2857
2858
2859
2859
2859
2861
2862
2862
2862
2863
2863
2863
2865
2865
2868
2869
2871
2872
2872
2873
2874
2875
2875
2876
2876
2877
2880
2880
2882
2882
2884
2884
2887
2887
2887
2892
2892
2894
2895
2897
2902
2902
2904
2905
2905
2906
2908
2908
2909
2909
2910
2911
2912
2912
2913
2914
2914
2917
2920
2921
2922
2923
2923
2923
2925
2925
2926
2927
2927
2927
2928
2928
2930
2931
2931
2934
2934
2936
2936
2938
2941
2942
2943
2943
2944
2945
2947
2947
2947
2949
2949
2949
2951
2952
2955
2957
2961
2962
2963
2963
2964
2965
2967
2970
2970
2971
2973
2974
2974
2974
2975
2975
2977
2978
2979
2980
2980
2981
2984
2986
2988
2991
2991
2997
2997
2999
3000
3000
3000
3001
3002
3002
3002
3002
3004
3004
3005
3008
3008
3010
3010
3010
3012
3012
3013
3013
3014
3015
3020
3023
3023
3023
3024
3027
3027
3027
3028
3028
3029
3029
3031
3034
3034
3037
3037
3037
3037
3041
3041
3042
3044
3046
3046
3046
3048
3054
3055
3055
3055
3056
3059
3061
3063
3064
3065
3066
3067
3069
3069
3070
3070
3071
3071
3072
3072
3072
3073
3073
3076
3078
3078
3082
3083
3084
3085
3085
3086
3086
3086
3086
3088
3088
3090
3091
3093
3095
3095
3095
3096
3097
3097
3097
3098
3099
3100
3100
3100
3101
3102
3104
3104
3105
3105
3105
3106
3106
3107
3108
3110
3111
3111
3111
3111
3111
3111
3112
3113
3113
3113
3114
3115
3116
3116
3117
3117
3118
3119
3121
3122
3122
3125
3125
3126
3127
3128
3129
3131
3132
3133
3133
3134
3135
3136
3138
3139
3139
3141
3142
3142
3144
3146
3146
3147
3148
3149
3149
3150
3150
3152
3152
3152
3152
3154
3154
3155
3155
3156
3158
3160
3162
3162
3163
3167
3167
3169
3170
3171
3173
3173
3173
3175
3175
3176
3176
3176
3176
3178
3181
3181
3182
3182
3185
3185
3186
3189
3190
3190
3190
3191
3192
3192
3193
3193
3198
3199
3200
3200
3200
3201
3202
3203
3205
3205
3205
3208
3209
3211
3211
3211
3211
3212
3212
3213
3213
3214
3215
3216
3217
3217
3218
3218
3218
3219
3219
3219
3221
3223
3224
3225
3225
3226
3226
3227
3227
3228
3229
3230
3230
3230
3232
3232
3234
3234
3234
3235
3236
3236
3237
3237
3237
3238
3238
3238
3238
3239
3240
3241
3241
3242
3242
3243
3244
3245
3246
3249
3251
3253
3254
3254
3255
3255
3257
3258
3262
3262
3263
3265
3265
3265
3266
3267
3267
3268
3269
3269
3269
3270
3270
3272
3272
3273
3274
3276
3277
3278
3278
3279
3279
3279
3280
3281
3281
3281
3282
3282
3282
3283
3283
3285
3287
3287
3290
3290
3291
3291
3292
3293
3294
3296
3296
3297
3299
3301
3302
3302
3304
3305
3307
3308
3310
3310
3311
3311
3312
3312
3314
3314
3317
3318
3318
3319
3319
3321
3322
3323
3323
3324
3324
3324
3325
3326
3327
3327
3328
3328
3329
3332
3333
3334
3337
3341
3341
3341
3341
3342
3343
3345
3345
3345
3347
3349
3350
3352
3355
3355
3356
3356
3357
3357
3357
3359
3360
3363
3363
3364
3366
3369
3370
3370
3371
3372
3372
3373
3373
3374
3374
3376
3377
3378
3378
3379
3380
3380
3380
3381
3382
3382
3382
3383
3383
3384
3384
3385
3385
3385
3386
3387
3387
3387
3389
3389
3390
3390
3391
3391
3391
3392
3392
3393
3395
3397
3398
3400
3401
3401
3402
3402
3403
3403
3404
3406
3406
3406
3406
3408
3408
3408
3409
3410
3410
3411
3411
3411
3414
3418
3420
3423
3425
3425
3428
3429
3430
3432
3432
3432
3432
3438
3440
3444
3445
3446
3446
3448
3450
3453
3453
3455
3455
3455
3455
3458
3458
3459
3459
3459
3461
3461
3462
3462
3462
3463
3463
3468
3468
3470
3472
3472
3472
3474
3476
3477
3477
3478
3478
3479
3480
3480
3481
3481
3482
3483
3484
3485
3487
3490
3490
3492
3493
3494
3495
3495
3496
3498
3499
3500
3500
3501
3501
3504
3505
3507
3508
3508
3509
3510
3510
3510
3512
3512
3513
3515
3515
3517
3520
3520
3520
3521
3521
3521
3522
3528
3530
3531
3532
3532
3533
3533
3534
3535
3535
3536
3536
3537
3541
3541
3542
3542
3543
3543
3544
3546
3548
3548
3550
3550
3550
3550
3551
3552
3552
3553
3553
3554
3555
3560
3560
3561
3563
3563
3564
3567
3567
3569
3571
3572
3572
3572
3573
3574
3577
3579
3579
3579
3580
3581
3581
3581
3583
3584
3586
3588
3588
3589
3590
3590
3591
3591
3593
3593
3594
3594
3595
3596
3599
3600
3601
3602
3602
3605
3606
3606
3608
3608
3608
3609
3609
3610
3610
3611
3611
3612
3612
3613
3613
3613
3614
3614
3615
3616
3618
3619
3621
3622
3622
3623
3626
3628
3629
3629
3629
3631
3632
3634
3634
3635
3636
3637
3638
3638
3639
3640
3641
3641
3641
3641
3642
3646
3647
3647
3648
3649
3650
3651
3653
3654
3655
3655
3656
3657
3659
3659
3659
3663
3663
3667
3668
3672
3673
3673
3675
3677
3677
3680
3681
3682
3683
3684
3686
3686
3687
3687
3689
3689
3690
3691
3691
3692
3693
3693
3694
3694
3694
3695
3696
3696
3697
3698
3698
3701
3702
3703
3704
3706
3708
3709
3709
3710
3710
3710
3711
3713
3713
3714
3715
3715
3717
3718
3718
3719
3720
3723
3726
3727
3727
3727
3729
3730
3730
3731
3732
3734
3735
3736
3737
3740
3741
3741
3741
3742
3742
3743
3743
3744
3746
3746
3748
3748
3750
3750
3751
3753
3753
3754
3755
3756
3756
3756
3757
3757
3757
3758
3760
3761
3762
3765
3765
3767
3768
3768
3770
3773
3773
3774
3774
3776
3777
3777
3778
3781
3781
3781
3782
3782
3783
3783
3785
3786
3787
3788
3789
3789
3791
3793
3795
3795
3795
3795
3795
3796
3797
3799
3799
3802
3802
3803
3805
3805
3805
3805
3806
3807
3807
3808
3809
3810
3810
3811
3811
3813
3813
3813
3814
3815
3815
3816
3817
3817
3820
3820
3823
3825
3825
3825
3825
3826
3826
3830
3831
3832
3834
3834
3835
3836
3837
3837
3837
3839
3839
3839
3840
3840
3841
3842
3842
3842
3844
3845
3846
3847
3847
3849
3849
3850
3851
3851
3851
3852
3852
3853
3853
3854
3854
3855
3856
3857
3857
3858
3858
3859
3859
3860
3863
3863
3863
3867
3867
3869
3870
3871
3872
3873
3874
3875
3876
3878
3878
3879
3880
3881
3883
3883
3883
3884
3885
3887
3888
3889
3890
3891
3893
3894
3894
3896
3896
3898
3900
3900
3901
3901
3903
3904
3906
3907
3907
3910
3911
3912
3912
3914
3914
3915
3916
3916
3917
3917
3918
3920
3920
3923
3923
3924
3925
3925
3927
3927
3929
3930
3930
3931
3934
3934
3935
3936
3936
3937
3937
3938
3941
3943
3944
3947
3947
3947
3947
3948
3948
3950
3950
3952
3952
3954
3955
3955
3955
3956
3956
3957
3958
3958
3958
3959
3961
3964
3966
3967
3967
3967
3969
3970
3971
3975
3976
3976
3976
3977
3977
3978
3979
3980
3980
3981
3982
3982
3983
3985
3986
3987
3988
3989
3989
3990
3992
3992
3994
3994
3994
3994
3995
3996
3997
3999
3999
4000
4000
4003
4003
4004
4007
4010
4014
4014
4015
4015
4016
4016
4016
4019
4019
4020
4020
4022
4022
4023
4027
4027
4028
4029
4031
4031
4031
4036
4037
4038
4038
4038
4039
4040
4040
4040
4044
4045
4050
4050
4050
4051
4056
4056
4058
4059
4059
4060
4062
4068
4068
4069
4069
4070
4070
4071
4072
4074
4077
4078
4079
4080
4080
4081
4082
4082
4084
4085
4085
4087
4088
4088
4090
4090
4092
4092
4092
4093
4095
4095
4096
4097
4100
4102
4103
4104
4106
4109
4109
4110
4110
4111
4111
4113
4113
4113
4114
4115
4115
4118
4119
4121
4123
4124
4124
4124
4124
4125
4125
4126
4126
4127
4128
4132
4134
4135
4135
4136
4136
4136
4137
4138
4140
4140
4141
4142
4142
4143
4144
4147
4147
4147
4148
4149
4150
4151
4152
4156
4158
4161
4162
4163
4164
4165
4169
4169
4170
4170
4172
4172
4174
4174
4176
4176
4176
4178
4178
4178
4179
4180
4181
4181
4184
4184
4185
4185
4186
4187
4188
4189
4189
4191
4193
4195
4195
4198
4198
4199
4199
4201
4201
4201
4201
4202
4203
4205
4206
4206
4208
4209
4209
4210
4211
4212
4213
4214
4214
4215
4217
4217
4218
4219
4219
4220
4220
4221
4223
4223
4223
4224
4226
4227
4228
4228
4228
4229
4229
4232
4232
4235
4236
4238
4240
4240
4243
4243
4245
4247
4249
4250
4250
4251
4253
4255
4256
4257
4258
4258
4259
4260
4267
4270
4270
4270
4271
4271
4273
4273
4274
4274
4275
4276
4276
4278
4279
4282
4283
4283
4285
4285
4286
4288
4289
4289
4290
4291
4291
4291
4292
4293
4294
4296
4297
4297
4299
4300
4301
4301
4302
4302
4305
4305
4306
4307
4309
4309
4309
4310
4312
4312
4313
4315
4315
4316
4316
4319
4319
4320
4321
4322
4322
4323
4325
4325
4326
4326
4326
4327
4328
4332
4333
4335
4336
4337
4339
4339
4339
4340
4340
4340
4341
4341
4341
4342
4343
4343
4343
4343
4345
4345
4346
4347
4348
4350
4350
4352
4353
4354
4354
4354
4355
4357
4357
4358
4358
4359
4359
4361
4361
4362
4362
4363
4364
4366
4369
4369
4370
4371
4371
4371
4372
4373
4373
4375
4375
4378
4379
4381
4382
4382
4383
4383
4385
4385
4386
4388
4389
4389
4391
4391
4392
4393
4393
4396
4399
4399
4403
4404
4404
4406
4406
4408
4408
4409
4411
4411
4411
4412
4415
4416
4416
4419
4419
4419
4420
4421
4421
4421
4422
4424
4425
4428
4432
4433
4436
4436
4437
4438
4438
4438
4439
4439
4441
4441
4443
4444
4445
4446
4446
4446
4448
4450
4451
4451
4453
4457
4458
4458
4459
4461
4462
4463
4463
4464
4464
4465
4470
4472
4472
4474
4474
4475
4476
4476
4477
4477
4478
4479
4481
4482
4484
4484
4485
4485
4485
4487
4487
4488
4488
4488
4488
4489
4489
4490
4491
4492
4494
4495
4495
4495
4495
4496
4500
4500
4501
4501
4501
4501
4503
4505
4505
4505
4506
4506
4507
4508
4511
4512
4516
4517
4517
4520
4520
4520
4520
4522
4526
4526
4532
4533
4534
4534
4534
4534
4537
4538
4539
4540
4541
4541
4542
4543
4544
4544
4545
4546
4550
4552
4552
4552
4555
4556
4557
4558
4558
4560
4565
4566
4566
4568
4568
4570
4570
4571
4572
4572
4574
4575
4576
4576
4577
4580
4581
4582
4583
4583
4584
4588
4590
4592
4596
4597
4598
4599
4599
4600
4600
4600
4601
4601
4602
4603
4603
4605
4606
4606
4607
4607
4609
4609
4609
4610
4611
4613
4613
4613
4615
4615
4615
4617
4620
4621
4621
4622
4622
4624
4629
4630
4631
4631
4631
4632
4632
4633
4634
4637
4638
4638
4639
4640
4641
4641
4646
4646
4649
4650
4651
4652
4653
4653
4654
4655
4658
4658
4658
4661
4662
4663
4664
4665
4666
4666
4668
4670
4671
4674
4676
4676
4677
4678
4678
4679
4680
4681
4681
4682
4682
4684
4685
4685
4687
4691
4692
4692
4692
4694
4694
4694
4698
4698
4701
4701
4701
4701
4702
4704
4705
4705
4706
4706
4713
4717
4723
4723
4723
4724
4724
4724
4725
4725
4726
4727
4728
4729
4729
4730
4730
4731
4731
4732
4732
4733
4734
4734
4734
4737
4742
4743
4744
4746
4749
4749
4750
4750
4754
4755
4755
4756
4757
4758
4758
4758
4765
4769
4771
4771
4773
4779
4779
4779
4780
4781
4781
4782
4783
4783
4784
4784
4787
4788
4789
4790
4790
4793
4793
4794
4796
4797
4800
4801
4803
4803
4805
4805
4806
4810
4811
4813
4813
4815
4815
4815
4817
4817
4819
4821
4821
4824
4825
4826
4827
4828
4829
4829
4832
4832
4833
4834
4837
4837
4839
4840
4840
4843
4844
4844
4846
4847
4849
4849
4851
4851
4853
4854
4855
4857
4858
4858
4860
4861
4862
4864
4866
4866
4867
4869
4869
4870
4870
4875
4876
4878
4878
4879
4881
4883
4884
4885
4885
4886
4887
4887
4887
4888
4889
4889
4889
4890
4890
4891
4892
4892
4893
4894
4895
4895
4896
4897
4897
4899
4899
4901
4901
4903
4903
4905
4906
4906
4906
4909
4909
4911
4917
4917
4919
4919
4919
4925
4926
4926
4927
4927
4928
4929
4930
4930
4931
4931
4931
4933
4934
4934
4935
4935
4935
4936
4937
4937
4939
4940
4941
4941
4943
4944
4948
4948
4949
4952
4952
4952
4952
4952
4954
4954
4955
4955
4956
4956
4956
4958
4958
4958
4959
4960
4963
4964
4965
4966
4968
4968
4970
4971
4972
4973
4974
4974
4975
4975
4976
4977
4977
4979
4979
4979
4982
4983
4985
4985
4986
4987
4988
4988
4989
4992
4993
4993
4993
4993
4993
4998
4998
4998
4998
4998
4999
5000
5004
5005
5005
5006
5008
5013
5015
5017
5017
5018
5022
5024
5025
5026
5027
5031
5032
5032
5032
5034
5034
5035
5035
5037
5037
5037
5038
5041
5043
5043
5043
5044
5044
5045
5046
5046
5047
5049
5050
5050
5052
5052
5053
5054
5055
5056
5057
5057
5059
5060
5060
5064
5065
5065
5066
5067
5067
5068
5070
5070
5071
5072
5072
5074
5076
5077
5079
5080
5081
5082
5083
5083
5086
5087
5089
5090
5091
5091
5093
5093
5094
5095
5097
5097
5098
5100
5101
5101
5101
5102
5102
5102
5103
5103
5103
5104
5104
5107
5113
5113
5114
5114
5116
5118
5119
5120
5121
5122
5124
5124
5124
5125
5126
5130
5132
5133
5136
5139
5140
5140
5142
5143
5145
5146
5146
5148
5149
5150
5150
5151
5154
5155
5155
5156
5156
5156
5156
5156
5158
5158
5159
5160
5161
5161
5163
5163
5164
5165
5166
5167
5168
5170
5170
5170
5171
5171
5174
5175
5175
5175
5175
5176
5176
5176
5177
5177
5178
5179
5180
5181
5183
5183
5184
5186
5187
5187
5189
5191
5191
5198
5200
5202
5202
5204
5204
5205
5205
5205
5206
5207
5207
5210
5210
5211
5212
5213
5215
5216
5216
5217
5220
5221
5221
5221
5222
5222
5225
5225
5226
5226
5226
5227
5228
5230
5233
5236
5237
5237
5239
5240
5241
5242
5247
5248
5248
5249
5250
5250
5250
5251
5252
5252
5253
5253
5254
5255
5255
5255
5257
5259
5261
5264
5264
5265
5266
5267
5269
5269
5269
5269
5270
5270
5272
5273
5274
5274
5275
5275
5275
5275
5276
5276
5277
5278
5278
5279
5280
5280
5281
5282
5284
5285
5285
5288
5288
5288
5292
5292
5293
5293
5295
5296
5297
5297
5298
5298
5299
5300
5303
5303
5304
5304
5307
5307
5308
5308
5310
5311
5311
5313
5314
5315
5316
5318
5319
5320
5321
5323
5323
5324
5326
5327
5327
5327
5327
5329
5329
5329
5330
5330
5332
5332
5333
5333
5334
5334
5335
5335
5337
5338
5338
5339
5339
5340
5340
5341
5345
5347
5349
5351
5351
5352
5355
5356
5356
5356
5357
5357
5357
5359
5359
5360
5363
5364
5364
5366
5368
5369
5369
5370
5372
5375
5376
5377
5377
5377
5379
5379
5380
5381
5381
5381
5381
5382
5382
5384
5384
5385
5389
5392
5394
5396
5396
5398
5399
5401
5405
5405
5405
5406
5407
5409
5411
5412
5412
5416
5416
5417
5419
5421
5421
5423
5424
5424
5425
5428
5429
5430
5431
5432
5432
5434
5434
5435
5436
5437
5437
5438
5439
5439
5439
5439
5439
5439
5440
5441
5441
5441
5442
5443
5444
5445
5446
5448
5449
5449
5451
5451
5451
5453
5454
5454
5460
5461
5463
5463
5465
5467
5467
5470
5471
5471
5473
5474
5474
5475
5475
5476
5476
5479
5480
5484
5486
5488
5489
5490
5490
5490
5491
5492
5493
5495
5496
5497
5498
5499
5501
5503
5503
5505
5505
5505
5506
5508
5508
5508
5509
5511
5512
5512
5514
5522
5523
5525
5525
5525
5525
5526
5528
5530
5530
5530
5530
5531
5532
5533
5536
5536
5536
5536
5540
5541
5543
5543
5543
5548
5548
5549
5551
5554
5555
5555
5557
5557
5558
5560
5561
5561
5562
5564
5564
5564
5565
5565
5567
5567
5568
5569
5570
5570
5571
5572
5573
5575
5575
5577
5579
5580
5580
5581
5581
5581
5582
5584
5585
5586
5587
5588
5590
5591
5595
5596
5596
5597
5597
5600
5602
5603
5603
5603
5604
5605
5606
5606
5607
5607
5607
5608
5609
5609
5609
5609
5610
5610
5610
5611
5611
5611
5613
5613
5614
5614
5616
5619
5620
5620
5620
5622
5622
5623
5623
5624
5624
5624
5626
5626
5627
5627
5627
5628
5628
5629
5629
5634
5635
5637
5637
5637
5637
5638
5638
5639
5639
5641
5641
5641
5642
5644
5644
5646
5647
5647
5647
5647
5649
5650
5651
5651
5652
5652
5656
5657
5657
5659
5660
5662
5663
5665
5665
5666
5667
5667
5667
5668
5669
5669
5671
5672
5672
5674
5676
5676
5676
5677
5678
5682
5683
5683
5684
5684
5689
5689
5690
5692
5693
5695
5696
5697
5700
5700
5701
5701
5705
5707
5707
5708
5709
5709
5709
5709
5710
5710
5711
5712
5713
5714
5714
5715
5716
5717
5717
5718
5718
5719
5721
5721
5722
5722
5722
5724
5725
5725
5725
5725
5726
5727
5727
5727
5728
5728
5728
5729
5730
5732
5732
5732
5733
5733
5735
5735
5737
5737
5739
5741
5742
5742
5743
5747
5747
5749
5749
5749
5750
5752
5752
5753
5753
5754
5756
5756
5756
5757
5757
5758
5759
5760
5761
5761
5762
5762
5762
5763
5763
5763
5764
5765
5765
5765
5766
5766
5768
5770
5772
5772
5773
5774
5774
5777
5777
5778
5782
5783
5784
5785
5785
5786
5786
5789
5790
5792
5794
5794
5798
5800
5800
5800
5801
5801
5803
5804
5807
5807
5808
5809
5809
5811
5811
5813
5814
5815
5815
5816
5819
5819
5825
5827
5828
5828
5829
5829
5830
5831
5832
5832
5838
5838
5840
5840
5841
5841
5842
5842
5842
5843
5843
5844
5845
5847
5848
5848
5848
5848
5851
5852
5853
5854
5855
5856
5857
5857
5858
5861
5861
5862
5863
5864
5870
5870
5872
5873
5874
5874
5876
5877
5877
5877
5880
5880
5881
5881
5882
5882
5885
5886
5886
5890
5890
5892
5897
5898
5901
5903
5903
5903
5905
5906
5906
5908
5909
5909
5909
5911
5911
5912
5917
5917
5917
5918
5918
5919
5919
5921
5921
5923
5924
5924
5924
5924
5925
5927
5927
5927
5929
5931
5931
5933
5934
5934
5934
5942
5943
5944
5945
5945
5945
5946
5946
5947
5948
5948
5948
5949
5950
5951
5951
5951
5952
5953
5954
5955
5957
5957
5957
5958
5959
5960
5961
5961
5965
5965
5965
5969
5970
5970
5971
5971
5972
5973
5974
5974
5975
5976
5977
5979
5980
5980
5980
5980
5982
5983
5986
5987
5990
5991
5992
5993
5993
5996
5996
5997
5998
6000
6001
6002
6002
6002
6002
6002
6003
6003
6003
6004
6005
6007
6008
6008
6009
6011
6013
6013
6016
6016
6018
6018
6019
6019
6020
6020
6020
6020
6021
6022
6022
6022
6023
6023
6024
6026
6028
6028
6030
6031
6033
6039
6041
6042
6044
6044
6045
6045
6045
6045
6046
6049
6049
6049
6049
6052
6052
6053
6053
6054
6057
6057
6059
6060
6060
6060
6060
6062
6063
6065
6066
6067
6070
6072
6072
6072
6074
6074
6074
6074
6075
6076
6077
6077
6078
6079
6079
6081
6081
6081
6082
6082
6083
6083
6084
6087
6088
6089
6090
6091
6092
6093
6094
6095
6096
6099
6100
6102
6102
6104
6104
6105
6106
6106
6107
6107
6109
6109
6113
6114
6115
6115
6116
6116
6116
6117
6121
6121
6122
6123
6124
6125
6126
6128
6129
6130
6130
6130
6131
6131
6132
6133
6133
6135
6137
6138
6141
6144
6144
6145
6145
6148
6149
6150
6151
6151
6151
6154
6156
6157
6158
6159
6159
6159
6160
6162
6163
6163
6165
6165
6165
6165
6166
6166
6167
6167
6167
6167
6169
6171
6171
6171
6171
6172
6172
6172
6174
6175
6175
6176
6177
6177
6177
6179
6179
6180
6181
6182
6184
6185
6185
6186
6186
6187
6188
6188
6191
6193
6193
6193
6195
6196
6197
6197
6197
6199
6199
6201
6202
6202
6202
6203
6203
6205
6205
6205
6206
6207
6208
6208
6209
6210
6211
6211
6211
6211
6212
6212
6213
6213
6213
6215
6216
6216
6219
6220
6220
6221
6221
6222
6222
6223
6224
6224
6226
6227
6229
6230
6231
6234
6235
6236
6237
6240
6240
6240
6242
6243
6244
6246
6247
6248
6248
6248
6249
6250
6252
6252
6255
6255
6255
6256
6256
6257
6257
6257
6258
6259
6262
6262
6263
6266
6266
6266
6267
6269
6271
6271
6271
6272
6272
6272
6274
6274
6275
6276
6277
6277
6278
6279
6282
6285
6286
6286
6286
6288
6288
6288
6289
6290
6291
6291
6291
6292
6293
6294
6295
6296
6297
6302
6303
6304
6305
6305
6306
6309
6309
6310
6311
6311
6311
6311
6311
6312
6313
6314
6314
6314
6314
6315
6316
6317
6320
6320
6320
6320
6322
6323
6326
6327
6327
6327
6328
6330
6330
6330
6330
6331
6332
6332
6333
6336
6338
6338
6339
6340
6341
6342
6342
6343
6346
6347
6347
6348
6350
6350
6351
6352
6353
6353
6354
6355
6357
6359
6359
6360
6360
6361
6362
6363
6365
6365
6366
6367
6368
6368
6369
6371
6371
6371
6371
6372
6374
6374
6375
6377
6378
6381
6381
6381
6383
6383
6383
6384
6384
6384
6385
6386
6387
6387
6387
6388
6389
6390
6390
6390
6391
6392
6392
6393
6393
6393
6394
6394
6394
6395
6395
6396
6396
6398
6398
6398
6399
6401
6402
6403
6404
6405
6406
6407
6408
6408
6410
6411
6412
6413
6414
6414
6416
6419
6420
6421
6422
6424
6428
6429
6429
6429
6430
6431
6432
6433
6433
6433
6433
6437
6439
6440
6440
6441
6441
6442
6442
6442
6444
6444
6445
6446
6447
6449
6450
6450
6451
6451
6451
6452
6452
6452
6453
6453
6453
6453
6454
6455
6455
6456
6456
6456
6460
6460
6461
6462
6462
6463
6464
6464
6469
6470
6471
6472
6473
6475
6477
6482
6483
6483
6483
6485
6488
6489
6489
6489
6490
6491
6493
6495
6498
6499
6499
6502
6503
6503
6504
6504
6504
6504
6505
6506
6506
6507
6507
6507
6509
6509
6509
6509
6510
6511
6515
6519
6519
6519
6519
6520
6521
6523
6524
6524
6525
6526
6527
6527
6528
6528
6532
6534
6534
6535
6535
6535
6536
6537
6538
6538
6539
6539
6540
6540
6540
6541
6542
6542
6543
6545
6546
6546
6546
6546
6547
6547
6547
6547
6548
6549
6549
6549
6550
6551
6555
6558
6560
6560
6561
6561
6563
6563
6563
6565
6565
6568
6570
6570
6571
6571
6573
6573
6574
6575
6575
6577
6578
6579
6579
6579
6580
6581
6583
6583
6591
6591
6591
6593
6593
6597
6598
6601
6601
6601
6602
6604
6604
6606
6607
6607
6607
6608
6609
6610
6610
6612
6612
6612
6612
6613
6615
6615
6619
6619
6620
6621
6621
6621
6622
6623
6625
6625
6629
6633
6634
6635
6636
6638
6639
6643
6643
6644
6645
6645
6647
6648
6648
6648
6649
6652
6653
6653
6654
6656
6658
6659
6660
6660
6662
6664
6664
6665
6665
6666
6667
6667
6667
6667
6669
6670
6670
6671
6671
6673
6674
6675
6675
6676
6676
6678
6679
6680
6682
6684
6685
6687
6688
6689
6689
6691
6692
6692
6693
6693
6695
6695
6695
6696
6698
6700
6702
6704
6706
6706
6707
6709
6711
6713
6713
6713
6713
6714
6714
6714
6717
6718
6721
6723
6725
6727
6729
6730
6731
6732
6732
6733
6733
6734
6734
6737
6739
6739
6742
6742
6743
6745
6747
6748
6748
6749
6750
6751
6756
6760
6760
6761
6763
6763
6764
6764
6765
6766
6768
6771
6771
6772
6773
6773
6774
6775
6776
6780
6780
6781
6781
6782
6782
6783
6783
6786
6787
6788
6788
6788
6789
6789
6789
6792
6792
6792
6792
6793
6794
6794
6794
6795
6795
6800
6801
6802
6803
6803
6804
6804
6805
6806
6807
6807
6807
6809
6809
6810
6811
6815
6816
6816
6819
6819
6820
6822
6823
6824
6824
6825
6825
6826
6826
6827
6828
6829
6832
6833
6833
6837
6837
6837
6838
6840
6841
6841
6842
6843
6844
6845
6847
6848
6849
6851
6854
6854
6854
6855
6858
6858
6859
6860
6860
6860
6861
6862
6862
6862
6863
6863
6865
6866
6868
6869
6869
6871
6872
6874
6874
6876
6877
6879
6881
6882
6883
6884
6887
6887
6887
6888
6888
6888
6888
6890
6891
6891
6891
6893
6894
6895
6896
6896
6896
6896
6898
6899
6901
6901
6902
6902
6904
6904
6905
6905
6906
6908
6909
6910
6911
6911
6912
6912
6914
6914
6916
6916
6918
6920
6920
6920
6921
6922
6922
6924
6924
6924
6925
6925
6926
6926
6928
6928
6929
6931
6931
6936
6937
6938
6938
6938
6939
6940
6940
6941
6941
6942
6944
6944
6946
6946
6948
6951
6951
6952
6952
6953
6955
6955
6956
6957
6959
6965
6966
6966
6970
6971
6971
6971
6975
6977
6977
6979
6980
6981
6981
6981
6982
6983
6985
6986
6988
6988
6989
6991
6992
6993
6994
6995
6995
6997
6997
6998
6999
7000
7000
7001
7004
7004
7005
7007
7007
7008
7010
7013
7014
7015
7015
7017
7020
7021
7021
7022
7022
7022
7023
7025
7025
7025
7025
7027
7028
7029
7029
7029
7029
7030
7030
7030
7031
7033
7034
7036
7036
7039
7039
7042
7042
7043
7045
7046
7047
7048
7050
7053
7055
7055
7057
7058
7060
7062
7062
7063
7064
7064
7066
7066
7069
7070
7071
7071
7072
7073
7076
7076
7076
7076
7076
7076
7077
7078
7079
7081
7082
7083
7085
7085
7086
7086
7089
7091
7091
7091
7092
7093
7093
7093
7093
7096
7097
7097
7098
7099
7100
7101
7102
7106
7107
7108
7108
7110
7111
7113
7113
7114
7114
7115
7115
7116
7116
7116
7117
7118
7118
7118
7119
7120
7123
7125
7125
7126
7127
7128
7128
7129
7131
7132
7133
7133
7134
7136
7137
7137
7139
7139
7139
7141
7142
7144
7147
7148
7149
7150
7151
7152
7152
7153
7154
7155
7156
7158
7160
7161
7161
7162
7163
7163
7164
7168
7168
7168
7172
7173
7174
7177
7179
7179
7182
7185
7186
7186
7187
7187
7188
7188
7189
7190
7190
7191
7192
7192
7192
7194
7196
7196
7196
7197
7199
7199
7200
7201
7201
7201
7201
7207
7207
7207
7208
7209
7210
7210
7211
7212
7212
7212
7214
7214
7214
7215
7217
7217
7218
7219
7220
7221
7221
7222
7223
7225
7227
7227
7228
7228
7229
7231
7232
7233
7235
7237
7238
7239
7239
7240
7241
7246
7248
7250
7251
7252
7253
7253
7253
7253
7254
7255
7256
7256
7258
7258
7259
7259
7259
7260
7261
7261
7262
7262
7264
7265
7268
7270
7271
7271
7272
7272
7274
7277
7278
7279
7279
7281
7281
7282
7283
7288
7290
7291
7293
7294
7295
7297
7298
7299
7299
7299
7300
7303
7304
7304
7304
7311
7311
7311
7313
7314
7315
7317
7321
7321
7321
7322
7322
7322
7323
7323
7326
7327
7328
7329
7330
7330
7331
7333
7333
7335
7336
7339
7340
7341
7341
7341
7346
7348
7348
7350
7350
7350
7350
7350
7350
7351
7352
7352
7353
7353
7354
7356
7356
7356
7357
7358
7359
7360
7361
7361
7362
7362
7365
7366
7366
7368
7368
7369
7373
7373
7376
7376
7376
7377
7379
7381
7383
7383
7383
7384
7384
7384
7387
7388
7388
7389
7390
7394
7394
7394
7394
7394
7397
7399
7400
7401
7402
7403
7407
7408
7408
7410
7411
7413
7414
7415
7415
7416
7417
7418
7418
7420
7420
7421
7421
7424
7425
7427
7428
7428
7428
7429
7429
7430
7431
7431
7432
7434
7434
7436
7437
7439
7440
7440
7440
7441
7443
7444
7445
7446
7447
7448
7448
7449
7451
7451
7451
7452
7453
7455
7456
7456
7456
7457
7458
7460
7461
7461
7462
7462
7464
7464
7466
7467
7467
7467
7468
7470
7471
7472
7474
7474
7477
7478
7482
7483
7484
7484
7485
7485
7486
7486
7486
7487
7489
7490
7492
7494
7494
7495
7495
7496
7497
7497
7499
7500
7501
7501
7504
7504
7505
7506
7509
7511
7512
7513
7514
7515
7515
7517
7517
7518
7518
7518
7519
7520
7521
7521
7523
7523
7523
7527
7529
7530
7530
7531
7531
7532
7532
7534
7535
7535
7536
7538
7538
7542
7543
7545
7545
7546
7546
7546
7546
7547
7548
7549
7551
7551
7552
7552
7553
7553
7554
7554
7555
7555
7556
7556
7556
7556
7557
7558
7558
7558
7559
7560
7561
7561
7562
7563
7563
7564
7564
7564
7567
7567
7567
7567
7568
7568
7569
7570
7572
7572
7573
7573
7574
7575
7576
7576
7576
7577
7579
7580
7581
7583
7583
7585
7586
7586
7592
7594
7594
7594
7597
7597
7597
7597
7598
7599
7600
7600
7603
7604
7605
7605
7605
7606
7608
7609
7613
7614
7617
7618
7618
7619
7619
7619
7620
7620
7622
7623
7623
7624
7625
7625
7626
7627
7628
7628
7628
7629
7630
7631
7632
7632
7635
7635
7636
7637
7638
7638
7638
7638
7638
7640
7642
7642
7643
7643
7646
7649
7650
7650
7651
7651
7654
7654
7655
7655
7655
7655
7655
7656
7656
7656
7657
7659
7660
7660
7661
7661
7662
7663
7666
7667
7668
7668
7670
7671
7672
7672
7674
7675
7676
7677
7677
7678
7679
7679
7679
7681
7682
7685
7685
7686
7686
7686
7686
7687
7688
7689
7689
7691
7692
7693
7694
7695
7699
7700
7700
7702
7702
7704
7704
7706
7706
7707
7707
7708
7708
7709
7710
7713
7714
7714
7715
7715
7716
7716
7717
7717
7718
7720
7721
7722
7724
7725
7727
7729
7731
7731
7733
7734
7738
7741
7741
7741
7742
7742
7742
7746
7749
7749
7751
7752
7754
7755
7756
7758
7761
7762
7762
7764
7765
7766
7769
7769
7769
7772
7773
7775
7775
7776
7777
7781
7781
7782
7786
7786
7789
7791
7792
7792
7792
7792
7796
7796
7798
7799
7799
7800
7800
7800
7801
7802
7802
7802
7802
7803
7807
7808
7808
7809
7810
7810
7810
7810
7812
7813
7813
7814
7815
7815
7816
7819
7820
7821
7822
7823
7825
7826
7826
7827
7830
7830
7830
7832
7833
7833
7833
7838
7838
7838
7838
7840
7841
7841
7841
7843
7845
7845
7845
7846
7846
7846
7846
7847
7847
7847
7848
7848
7849
7850
7850
7852
7852
7852
7852
7853
7855
7856
7856
7857
7858
7858
7861
7862
7864
7865
7866
7868
7869
7869
7870
7873
7873
7874
7874
7878
7878
7878
7878
7878
7882
7889
7890
7890
7890
7891
7891
7891
7892
7892
7893
7893
7895
7896
7898
7899
7902
7902
7902
7903
7904
7906
7906
7906
7908
7908
7911
7914
7916
7916
7917
7918
7919
7921
7922
7922
7923
7924
7929
7930
7932
7933
7936
7937
7937
7939
7939
7940
7941
7942
7943
7943
7944
7945
7946
7948
7948
7950
7950
7950
7951
7952
7955
7958
7959
7960
7960
7960
7961
7961
7961
7961
7963
7965
7966
7968
7968
7969
7971
7971
7972
7973
7974
7975
7975
7977
7977
7979
7979
7980
7983
7984
7987
7988
7989
7991
7992
7992
7992
7995
7997
7997
8000
8003
8004
8006
8006
8006
8008
8008
8010
8011
8012
8013
8014
8016
8019
8020
8020
8021
8022
8022
8024
8026
8026
8027
8027
8028
8028
8028
8028
8029
8031
8033
8035
8037
8038
8038
8038
8038
8040
8040
8041
8041
8041
8042
8048
8049
8049
8050
8050
8051
8053
8053
8053
8053
8055
8056
8056
8057
8057
8057
8061
8062
8062
8063
8064
8065
8067
8068
8069
8070
8070
8071
8072
8072
8074
8077
8077
8077
8078
8079
8082
8083
8084
8084
8085
8087
8088
8090
8090
8092
8093
8094
8095
8095
8095
8097
8098
8101
8101
8102
8104
8105
8105
8106
8108
8110
8110
8111
8111
8112
8114
8115
8116
8116
8117
8117
8118
8118
8120
8121
8122
8122
8122
8123
8124
8124
8125
8127
8128
8128
8128
8129
8131
8133
8133
8134
8134
8134
8134
8134
8138
8138
8139
8140
8143
8144
8145
8145
8146
8148
8151
8153
8156
8156
8157
8159
8159
8162
8162
8163
8164
8165
8167
8168
8169
8170
8172
8172
8172
8175
8175
8177
8178
8180
8183
8185
8186
8187
8187
8187
8190
8190
8191
8192
8193
8194
8194
8195
8196
8196
8198
8199
8199
8200
8200
8201
8203
8203
8206
8206
8207
8208
8209
8209
8209
8209
8209
8209
8211
8212
8212
8213
8214
8215
8218
8222
8223
8224
8224
8227
8227
8228
8228
8228
8228
8229
8229
8231
8232
8233
8233
8233
8233
8234
8235
8235
8235
8236
8236
8237
8238
8238
8239
8239
8239
8244
8244
8244
8245
8245
8247
8248
8250
8250
8254
8258
8258
8258
8258
8259
8259
8259
8259
8259
8260
8261
8262
8263
8264
8264
8264
8267
8268
8270
8270
8271
8275
8275
8275
8277
8279
8280
8284
8284
8285
8285
8286
8289
8289
8293
8294
8296
8297
8297
8298
8300
8300
8301
8302
8303
8303
8303
8304
8308
8309
8310
8310
8312
8313
8315
8315
8316
8316
8317
8317
8319
8319
8320
8325
8326
8327
8327
8327
8327
8328
8328
8328
8331
8332
8333
8334
8334
8337
8339
8340
8340
8341
8342
8342
8343
8345
8345
8346
8346
8346
8349
8349
8349
8351
8354
8355
8355
8355
8355
8357
8357
8357
8358
8359
8360
8360
8361
8364
8364
8365
8365
8365
8368
8369
8369
8371
8372
8372
8373
8375
8375
8376
8378
8378
8379
8381
8384
8384
8384
8385
8385
8385
8386
8387
8387
8390
8390
8391
8392
8392
8393
8394
8395
8395
8396
8397
8397
8397
8399
8400
8401
8403
8404
8405
8406
8406
8406
8408
8410
8410
8411
8412
8416
8416
8417
8418
8423
8425
8425
8426
8426
8427
8428
8430
8430
8431
8431
8431
8432
8433
8433
8433
8434
8436
8437
8438
8438
8438
8438
8438
8439
8439
8439
8443
8443
8444
8444
8444
8444
8444
8446
8447
8449
8449
8449
8450
8451
8451
8451
8452
8453
8454
8454
8455
8456
8456
8458
8458
8458
8459
8459
8462
8462
8462
8462
8463
8464
8466
8466
8473
8474
8474
8475
8475
8475
8478
8478
8478
8479
8482
8482
8482
8483
8484
8485
8486
8486
8488
8489
8489
8490
8492
8495
8495
8496
8496
8498
8503
8503
8504
8505
8509
8513
8515
8515
8518
8519
8519
8521
8522
8523
8523
8524
8526
8526
8527
8529
8533
8535
8535
8536
8538
8538
8539
8542
8544
8544
8544
8545
8546
8547
8547
8548
8548
8550
8551
8551
8552
8553
8553
8553
8555
8557
8560
8562
8563
8566
8568
8568
8569
8569
8570
8572
8574
8575
8577
8579
8579
8579
8583
8583
8586
8587
8589
8589
8591
8591
8591
8592
8592
8593
8594
8595
8595
8599
8601
8604
8604
8605
8606
8609
8609
8610
8610
8610
8610
8611
8614
8615
8616
8618
8622
8622
8623
8623
8623
8623
8623
8624
8624
8625
8625
8626
8627
8627
8628
8628
8632
8632
8633
8634
8635
8635
8636
8636
8636
8636
8637
8641
8642
8642
8643
8644
8645
8645
8649
8649
8650
8651
8653
8653
8653
8654
8654
8655
8655
8655
8655
8656
8657
8657
8659
8661
8662
8662
8663
8663
8664
8665
8666
8666
8666
8668
8668
8669
8669
8672
8672
8672
8673
8674
8674
8674
8674
8676
8677
8677
8678
8680
8681
8681
8682
8682
8683
8684
8686
8686
8686
8687
8690
8691
8691
8693
8694
8694
8696
8697
8697
8701
8701
8703
8703
8708
8708
8709
8710
8710
8712
8712
8714
8715
8715
8716
8717
8719
8721
8723
8724
8724
8724
8724
8724
8724
8725
8725
8726
8729
8729
8730
8731
8731
8732
8732
8732
8733
8734
8735
8735
8735
8736
8737
8739
8741
8742
8744
8745
8745
8746
8746
8747
8748
8749
8749
8750
8752
8752
8752
8753
8753
8754
8754
8754
8754
8757
8758
8758
8758
8759
8759
8764
8765
8766
8766
8766
8767
8767
8767
8767
8767
8770
8771
8772
8772
8772
8773
8773
8774
8775
8777
8777
8778
8779
8781
8782
8782
8783
8783
8783
8783
8783
8785
8785
8785
8786
8786
8786
8788
8789
8790
8791
8795
8795
8796
8797
8797
8797
8798
8801
8803
8811
8812
8813
8813
8814
8814
8814
8815
8816
8817
8817
8817
8817
8818
8819
8819
8822
8822
8823
8823
8823
8826
8826
8827
8828
8828
8829
8829
8829
8830
8830
8831
8832
8833
8835
8837
8837
8839
8839
8840
8840
8841
8842
8843
8844
8844
8845
8847
8847
8848
8848
8849
8850
8851
8851
8852
8857
8860
8860
8861
8865
8866
8868
8869
8869
8871
8871
8873
8873
8874
8876
8877
8878
8879
8879
8880
8880
8881
8883
8883
8884
8885
8886
8886
8887
8888
8888
8888
8890
8890
8892
8893
8893
8894
8896
8896
8897
8897
8898
8899
8900
8900
8901
8903
8904
8904
8904
8905
8907
8907
8908
8909
8911
8913
8913
8916
8916
8917
8917
8917
8919
8919
8922
8925
8925
8926
8927
8930
8930
8930
8931
8931
8931
8932
8933
8934
8934
8937
8938
8938
8940
8940
8941
8945
8945
8946
8949
8950
8950
8952
8953
8954
8958
8958
8959
8961
8962
8963
8966
8967
8969
8972
8972
8973
8974
8975
8976
8976
8977
8980
8981
8983
8983
8983
8984
8984
8988
8989
8992
8992
8993
8996
8996
8998
8998
8999
9000
9000
9001
9001
9004
9004
9004
9006
9007
9007
9008
9008
9011
9011
9013
9014
9014
9016
9017
9017
9021
9021
9023
9023
9023
9023
9026
9026
9027
9028
9030
9031
9032
9037
9038
9039
9040
9042
9043
9044
9044
9045
9046
9048
9048
9048
9048
9050
9050
9054
9054
9056
9056
9058
9060
9061
9061
9063
9063
9065
9068
9070
9070
9070
9070
9072
9073
9075
9075
9075
9076
9076
9076
9077
9078
9078
9079
9080
9084
9085
9086
9086
9086
9087
9087
9089
9091
9091
9092
9093
9095
9098
9099
9101
9102
9103
9107
9108
9111
9112
9114
9117
9117
9117
9117
9119
9120
9121
9122
9123
9124
9124
9125
9125
9125
9126
9127
9128
9129
9129
9130
9130
9130
9130
9131
9131
9132
9133
9133
9134
9134
9137
9137
9137
9138
9138
9138
9139
9139
9140
9140
9141
9141
9141
9144
9147
9148
9152
9152
9153
9153
9154
9154
9154
9155
9156
9156
9156
9157
9158
9159
9159
9160
9162
9163
9164
9167
9168
9169
9172
9172
9172
9175
9176
9179
9180
9185
9186
9186
9188
9188
9188
9189
9190
9191
9192
9192
9193
9193
9194
9195
9195
9196
9196
9196
9196
9198
9200
9201
9206
9207
9208
9208
9208
9210
9210
9211
9211
9212
9212
9212
9214
9215
9216
9216
9216
9218
9220
9220
9221
9221
9221
9222
9224
9225
9225
9230
9230
9233
9235
9235
9235
9239
9240
9243
9244
9244
9244
9245
9248
9249
9250
9250
9251
9251
9252
9254
9255
9258
9259
9259
9259
9259
9260
9260
9260
9265
9265
9265
9266
9268
9269
9269
9270
9270
9270
9271
9273
9273
9273
9275
9277
9280
9280
9281
9282
9282
9283
9285
9288
9289
9290
9291
9291
9291
9291
9291
9291
9293
9294
9295
9295
9298
9299
9300
9301
9301
9302
9302
9303
9304
9305
9305
9308
9308
9310
9310
9310
9311
9314
9314
9315
9317
9319
9319
9319
9320
9323
9325
9325
9326
9326
9327
9330
9332
9333
9333
9334
9336
9336
9336
9337
9337
9338
9339
9340
9342
9342
9342
9342
9343
9345
9345
9347
9349
9350
9350
9352
9352
9353
9355
9355
9356
9360
9363
9364
9365
9367
9368
9368
9368
9369
9371
9371
9372
9373
9373
9374
9374
9376
9376
9380
9380
9380
9380
9381
9382
9382
9385
9385
9386
9386
9386
9387
9389
9389
9389
9391
9392
9394
9395
9395
9395
9397
9397
9400
9401
9401
9403
9404
9405
9408
9409
9410
9410
9412
9412
9412
9415
9415
9417
9418
9419
9420
9420
9421
9421
9422
9422
9423
9424
9424
9425
9425
9425
9426
9427
9428
9428
9431
9431
9432
9433
9434
9436
9437
9438
9439
9439
9439
9441
9442
9443
9447
9449
9450
9450
9452
9453
9454
9454
9455
9455
9456
9456
9457
9457
9458
9458
9458
9462
9463
9464
9467
9469
9471
9471
9472
9475
9476
9476
9476
9477
9477
9477
9478
9479
9480
9480
9481
9483
9484
9484
9485
9486
9487
9488
9492
9493
9494
9496
9496
9501
9501
9503
9505
9505
9505
9508
9508
9508
9509
9509
9511
9511
9511
9513
9513
9513
9514
9516
9518
9519
9519
9520
9521
9524
9524
9524
9525
9528
9528
9529
9530
9530
9532
9532
9535
9535
9537
9537
9538
9539
9542
9544
9545
9546
9546
9548
9550
9552
9552
9555
9556
9556
9556
9559
9560
9560
9560
9562
9562
9563
9563
9565
9567
9568
9569
9569
9570
9572
9572
9573
9573
9575
9575
9575
9579
9579
9581
9584
9586
9586
9587
9587
9587
9587
9589
9591
9592
9592
9593
9594
9594
9596
9597
9598
9599
9600
9602
9603
9605
9607
9609
9610
9610
9610
9613
9614
9614
9615
9616
9616
9617
9620
9622
9624
9624
9626
9629
9632
9633
9638
9641
9642
9642
9642
9643
9643
9643
9643
9647
9648
9648
9649
9649
9649
9650
9652
9653
9653
9655
9656
9657
9658
9659
9659
9660
9661
9662
9662
9663
9666
9666
9666
9667
9673
9675
9676
9677
9677
9680
9680
9684
9684
9685
9686
9687
9687
9689
9689
9690
9690
9690
9690
9690
9691
9696
9696
9697
9700
9701
9702
9706
9708
9709
9709
9710
9713
9714
9716
9717
9719
9720
9721
9722
9725
9727
9727
9727
9728
9728
9728
9728
9729
9730
9731
9732
9734
9736
9737
9738
9739
9739
9741
9741
9742
9742
9743
9743
9744
9745
9746
9746
9748
9750
9750
9754
9755
9755
9756
9757
9757
9757
9759
9759
9760
9760
9760
9761
9763
9766
9767
9767
9767
9768
9769
9769
9773
9773
9774
9774
9775
9776
9777
9778
9779
9781
9781
9781
9782
9783
9784
9785
9785
9786
9787
9787
9787
9787
9789
9789
9790
9790
9791
9792
9794
9794
9795
9795
9796
9797
9798
9798
9798
9799
9799
9802
9802
9804
9805
9806
9806
9807
9808
9809
9811
9816
9816
9817
9818
9818
9820
9820
9822
9822
9823
9824
9824
9824
9825
9825
9827
9827
9827
9827
9828
9831
9832
9834
9836
9836
9836
9837
9837
9838
9843
9845
9846
9847
9847
9848
9851
9852
9852
9853
9853
9853
9853
9855
9856
9856
9858
9859
9861
9861
9862
9867
9867
9868
9869
9870
9870
9870
9870
9871
9872
9874
9874
9877
9877
9880
9881
9881
9882
9882
9883
9883
9883
9885
9885
9886
9888
9889
9889
9889
9891
9892
9894
9898
9898
9899
9899
9900
9903
9904
9904
9909
9909
9911
9912
9913
9913
9914
9916
9917
9919
9920
9925
9926
9927
9929
9929
9930
9932
9933
9934
9936
9938
9939
9940
9940
9942
9942
9944
9944
9944
9946
9947
9948
9949
9949
9951
9952
9956
9958
9958
9960
9961
9962
9963
9963
9964
9964
9964
9966
9969
9970
9971
9973
9974
9975
9975
9976
9980
9980
9981
9982
9982
9983
9983
9983
9984
9988
9989
9990
9993
9993
9994
9994
9995
9995
9996
9996
9999
10000
