286
4399
5279
1688
5206
7480
6672
1752
3578
6737
4390
9361
4858
5293
552
7452
8622
4454
8982
9650
6299
729
3549
620
5462
8331
6033
4676
5151
2203
8602
7344
3259
8242
9606
9381
2228
6635
8150
2029
7869
5340
163
5604
3552
245
8031
9964
6944
6620
9029
5085
1065
9068
1544
2828
45
2805
9826
4824
3061
9320
8496
3530
3883
9887
7717
2610
6257
4063
9481
5191
5093
9123
5529
48
1987
5878
4576
8614
3404
7210
7249
7626
5583
7737
5223
1467
2231
6709
6802
9491
2973
103
4689
4615
3173
2697
9600
5666
1442
1519
2376
8304
7159
5071
8523
5355
4486
4762
203
122
8008
9135
2284
8240
8758
3350
2106
7034
4403
3301
93
1003
3635
2885
3221
3527
1597
7060
908
767
9823
704
8625
8953
4936
6393
2901
663
7842
9252
8803
8437
6981
7953
3365
1734
2975
5813
444
3600
2531
7
1063
6017
4928
4197
6901
6073
9766
1808
3333
9427
6767
7198
6085
9804
7889
2900
6440
3338
4059
2162
1493
283
6622
8826
7614
1715
8678
2646
5829
2824
8006
384
6810
7558
3488
7927
2565
5463
5003
6297
8261
8690
996
9974
8818
2467
4547
2921
2905
5007
2939
9255
4984
9449
6878
7924
3530
7262
4939
5699
7473
117
7648
743
7752
9583
6226
2046
6265
2130
1573
1253
7428
2800
1293
9604
4030
6107
3247
978
4886
879
5169
9070
5741
6095
942
149
6259
5539
3463
4648
9519
2822
8049
7722
4034
3800
476
768
4511
216
6588
6501
4475
1196
4385
6991
3210
3918
4943
4783
5292
7982
1755
4909
5794
276
1704
6172
5559
4256
2574
6097
6931
7575
890
8719
8641
6205
8819
4091
3586
2508
1188
4306
9747
129
6756
4396
8851
8814
8351
851
5164
3203
5087
4510
3368
2366
8318
2829
245
4372
4551
3685
4603
9548
954
2288
5643
4951
4780
8454
183
9235
3403
8610
2299
4974
3016
8319
8359
8631
6460
8582
1529
9045
1367
5276
1763
5793
6229
117
4004
8816
7047
6640
8135
5094
398
4876
9361
4814
950
8928
5921
8781
5846
3213
2852
8385
2313
636
3072
6319
5855
3734
2914
2292
4969
2765
6270
889
9633
7577
7413
9517
1583
7150
1905
9485
1396
1867
7728
4568
9454
648
8869
3719
2507
6995
4561
8295
4628
2471
6373
8792
1136
5730
8403
6034
2827
7794
1058
7046
6598
8392
7459
8726
6854
9580
7452
5187
2836
3347
4253
1637
5227
1262
7230
4978
9167
4008
9455
3072
4919
2893
9567
3262
8819
9223
1586
9480
135
5787
7221
3417
4767
1722
138
2557
5075
7987
5507
5841
4593
9978
1436
2782
2625
4366
5918
6895
6817
6147
573
9012
3824
1182
8828
5522
2257
1978
3862
5953
6687
3142
4281
4966
3086
6945
5894
3969
1198
2400
5470
9465
9127
5247
1645
5198
1822
8143
2408
8872
2425
1690
6624
630
1249
4370
4607
3941
5240
5852
2128
6926
8430
4995
7100
472
6439
581
6904
9012
4906
3766
9950
5276
181
8351
8716
4559
3125
4172
9977
9895
6174
7673
3572
1598
7599
2414
3045
8725
8259
1352
808
2431
9314
6704
7905
4077
9581
341
2481
7460
6758
2106
8542
7711
1119
6193
1155
6342
2680
652
3207
7556
4767
2871
102
3144
9424
5498
132
9531
1979
1229
3749
3443
5816
1564
2026
5202
8347
2430
6766
603
8553
9173
3860
4922
7834
1381
3830
8091
5466
3514
19
4510
4924
5912
5003
7987
1439
4318
4977
7908
6512
2840
6518
3727
3390
2572
5934
9132
1760
9067
7148
8377
3597
1385
876
9640
6430
5750
6532
2798
8807
947
9884
8317
4965
7927
4134
6649
5464
6644
8532
8671
8640
9073
6202
906
274
3885
77
4652
7167
3044
6714
9459
3494
6485
6214
3977
9931
7082
2599
8496
4352
7843
4486
9221
6672
512
891
4933
6450
9252
531
3657
462
5043
8880
2962
3504
7323
9524
3142
3951
7323
5701
4270
838
4797
8437
4764
8716
9095
2669
7487
1061
7580
3813
6829
4425
4651
2506
9095
8978
4346
7745
2677
7656
158
3590
5304
7761
5662
2463
5143
2081
68
3386
7291
4160
7097
8654
4756
8122
8984
2051
135
4634
6846
1822
8338
5063
2515
4154
1106
3198
7521
1587
4116
4785
7449
6954
6342
6033
1728
9459
7795
2211
4762
6
6244
153
8101
6721
2128
4763
3345
2654
4095
2535
467
7378
5405
2047
1399
3926
195
7970
785
3781
3662
9717
5435
4851
8210
8259
6922
4750
6635
9049
1584
7733
6926
1497
5932
1600
2446
3687
8549
4774
6049
4898
499
969
2852
1120
887
7355
3123
9068
5275
6761
391
868
2282
8658
2747
2173
9419
183
7156
820
6371
6713
3831
9354
7493
2258
7658
8274
6556
7828
9494
9953
4476
5475
4807
6980
1666
2237
1991
6188
4575
8490
1233
4281
3797
5621
3258
2621
2766
3568
6158
4788
3664
9765
3906
989
1937
4570
8987
8930
5210
3096
6272
1230
915
6448
4813
7909
9909
6351
724
6319
2426
2742
3428
2847
5999
9615
6736
1392
8609
9343
8163
334
8119
4961
768
2183
9978
3434
8090
7655
1453
3911
5472
5602
6987
2425
3695
9029
6542
8205
409
8929
732
5096
2268
8167
6591
5298
6480
441
6943
2092
4722
8696
3016
3853
3091
4749
9957
6229
1372
2422
9940
8504
565
3346
9721
9929
4961
8828
7655
6148
2546
8198
3416
7565
3035
6813
9264
2314
34
6068
7505
2681
8498
1405
1737
9748
2502
3008
1128
6401
4171
3697
6132
6052
2870
2541
2504
4041
963
7148
2729
6569
6262
3509
6553
5552
8172
5763
5874
8640
9267
1580
654
7920
6515
1337
5514
3827
1070
8383
1417
9985
9035
9182
7114
6329
2640
4274
5669
4869
3443
819
5258
1476
7790
9545
1999
5337
9863
6617
1633
4746
2763
3137
8535
2865
4881
4434
5785
2709
9934
6460
3951
7437
8910
3618
6957
9372
7907
117
4277
2528
4021
7411
8401
5295
7658
2738
3120
3012
4502
3476
5925
7970
6107
4402
7173
6153
2643
5430
144
5397
5682
2159
4208
7495
7372
8068
3750
2169
7501
2235
3010
7560
3415
6798
4861
9351
6499
1982
2755
2286
4901
4781
656
1121
5195
2162
2896
3363
3316
9448
1449
253
4586
2179
4217
8799
1921
8291
402
6802
404
7297
5722
6994
4265
798
8571
4016
3539
5482
3040
8619
5899
1888
5408
5813
6393
1110
5171
4114
4947
3334
1160
3265
2457
7434
4277
9033
6824
3598
634
9124
6638
4695
3509
6621
8185
1639
5859
8015
1721
2208
3385
2104
4416
3025
4958
3402
5049
9233
7634
4429
1125
4749
5345
6200
7005
8916
1425
8903
6189
8905
3579
4639
1173
1276
2851
9842
4886
6365
2282
96
7329
2728
8198
6713
7353
5046
1529
7608
9650
1691
9279
6604
5594
6875
8936
2631
3642
4662
8090
1515
8708
8100
7809
7248
4988
4912
4718
8064
8972
8089
8630
6308
5253
364
7310
4230
2803
6413
623
876
4213
5171
9620
231
268
8566
2995
8379
4836
9488
9724
9846
7712
8411
7622
3243
4464
7438
2322
396
6358
7660
5818
5655
89
5488
1412
5740
8208
54
5893
3422
4691
7143
5535
7468
9696
8658
1630
6274
7718
4941
471
1929
1848
7060
1929
3925
4631
9285
4271
4913
6562
9482
9424
4077
1931
609
9053
6423
5965
4378
2206
1381
4252
1740
2632
4798
4416
6539
3419
1854
8388
8137
3033
3984
8317
3327
9798
8953
2309
3950
3744
9660
5630
5243
4824
441
1440
3926
6772
6217
7515
4975
1239
5489
5514
1225
751
4888
28
1861
1788
7611
3510
2764
3752
3052
2149
9675
153
5227
8302
2078
526
2975
4382
305
1122
1789
2028
4557
2005
2799
4652
8100
9924
9241
9489
9455
9162
1701
2985
3987
2937
3511
8658
5468
4554
154
5703
9963
5873
7167
6539
3803
7322
4050
2256
6750
5663
4177
309
6356
4130
7927
6084
3062
9623
7957
8982
4252
4400
8421
3345
8596
2020
3237
6022
1265
7503
1617
9386
7724
5703
7605
3741
1737
6236
9349
1631
5382
6468
1472
7410
3994
9823
2177
6642
2914
4118
4337
428
2116
4544
103
931
7491
392
5894
1509
7019
4748
6055
8414
8143
1796
2413
3448
6929
8544
7509
2733
8241
4876
7599
8037
3310
1188
740
6184
3524
7389
2985
6734
7497
9001
9941
3337
1870
8516
5644
2438
7296
8721
8235
378
8588
5154
5604
8961
2132
3459
2133
7248
3648
208
4838
4760
9774
1027
5850
4488
9197
8570
2855
7241
271
4238
3973
4851
2429
1909
9383
2306
7677
3502
2140
1309
925
2075
5096
2760
4653
2664
6497
6898
879
2097
6428
6008
1332
9893
5971
8192
8650
8173
863
7184
7122
1
1290
2034
2691
6641
7936
7352
1058
3702
99
5529
565
6316
2621
1445
5092
9863
1540
3654
5115
2303
427
9617
543
9334
4593
747
532
4883
1736
7631
6156
1389
339
6605
5295
1430
776
2882
4252
7906
1118
1773
6047
2240
7661
9223
745
2974
894
5260
4660
9018
9878
4986
8160
1878
2926
9110
8868
20
7301
2999
351
3856
4512
476
1448
8206
8920
388
5965
1373
6388
2965
8010
1929
1523
7189
1145
4951
6555
519
9431
9972
8487
935
5150
4428
7487
4391
7083
3481
2663
7835
5090
1946
9959
589
6756
4864
5518
3834
9576
1465
5644
3345
3995
6258
8240
6609
2810
7208
7399
398
3192
9977
406
7435
5517
2810
1381
9028
3354
1226
9613
2222
152
8024
7248
9936
4099
3804
1509
7012
8917
1736
3700
1391
1156
1923
4001
2902
5791
338
8565
1732
1563
3262
1104
4257
8344
1566
813
1905
852
6808
9040
8311
8967
662
3649
7515
1962
939
5404
2227
2227
6886
4495
4793
5877
4990
2679
9947
3141
689
7296
1772
994
4025
9556
819
9039
779
7381
3150
8349
1823
7790
4175
2100
5721
5351
7223
6954
9463
4617
9718
9892
5887
8322
3787
2651
1447
5068
9861
2828
357
2016
9748
8230
4946
9239
6720
5164
8316
471
9437
1911
6087
6994
5381
3733
1924
3928
2019
4805
4588
1494
852
4356
2959
3404
1934
1743
573
5305
7950
712
7932
9646
3636
2586
3207
1400
8647
6534
941
7647
2647
1274
7753
9721
5030
4586
6696
6979
4947
9466
2627
8676
1329
4138
2570
4356
9960
6393
3408
2345
1281
3655
3067
6066
3575
5972
523
8002
5303
220
9288
3059
5943
2670
7024
7857
659
3986
9718
4471
654
3775
7546
8149
1334
9314
9705
1876
4851
9553
7411
558
2350
1318
4767
4537
1388
3928
6002
6791
1944
6841
4807
9225
6897
8503
5801
1788
3708
2157
4815
7203
5380
1805
3044
4310
8512
4199
532
2828
4334
900
2163
1549
5564
8170
2774
9654
9
7433
6125
217
5047
670
7750
4419
4958
29
6560
2289
183
4146
1422
39
5294
8009
2776
3964
9248
8744
3689
7214
8682
2290
4261
7026
101
7467
5923
519
1893
6204
1159
7322
6580
9454
5441
7303
8916
5243
7742
7931
1244
7535
4853
6323
8794
468
9201
6924
3492
3094
7508
4816
7166
2378
3365
9259
312
3351
1841
9977
7391
7849
7798
9305
7036
4121
8836
6752
482
3958
8988
2438
4966
4995
4094
2501
8930
8542
6266
3463
1349
648
1954
8151
773
6988
2714
3280
5042
1400
1318
4958
6458
4313
1224
3364
4247
1131
9240
4659
3788
6606
9986
8210
1143
4133
4707
8295
5989
9267
2575
4448
3376
3679
9703
970
9891
1908
822
7374
2769
4636
7245
769
6145
9258
2217
8634
1042
5891
2221
2604
2513
280
970
4021
1568
105
5639
1405
5886
8923
4501
1144
9365
1820
6152
8636
2319
5793
3859
5812
6988
4468
7522
6867
2812
7277
9335
8100
3974
5366
3082
5617
4134
1281
313
1112
632
4910
5635
964
4187
402
594
8789
9799
7547
647
2780
8953
3261
9090
519
9222
5452
8481
5445
4885
9410
2600
8507
8056
9629
6333
7122
9775
6988
9660
8841
4550
855
5929
3573
4253
8464
7767
5494
7218
141
3672
8382
5551
2055
7836
5165
4521
9018
8636
4651
9931
6003
5613
4988
579
2193
8692
4728
9473
4747
1932
5202
5061
6009
4058
3636
4093
648
8792
7411
379
1923
6453
3813
4135
4720
9847
1546
4319
709
2234
2841
4835
874
9006
5767
8454
3111
8788
1237
4227
6558
7919
989
7756
4635
2092
93
6527
4815
6973
551
4262
2021
8364
4194
2084
933
983
5120
6468
1310
8103
6365
261
9225
3692
5556
5006
3567
4491
2730
1009
3395
7678
6225
7025
6835
2470
6480
2772
8697
5897
8010
5650
4852
2128
1490
8803
1942
1694
9926
7452
1146
99
4517
2762
2301
2525
3831
5605
8212
5435
265
4685
4457
2490
7300
2685
4659
9301
7626
8666
3981
2872
433
7137
2334
1171
9144
61
8694
4801
4897
2084
5598
9035
8059
952
8782
5048
1958
2026
7747
5223
9143
2828
330
4450
5023
6176
474
876
9441
2786
3485
5420
2881
5851
1476
2970
4708
6494
4028
1136
1482
5831
7194
6966
3972
7720
7209
7339
8771
2182
321
4569
3054
1347
4052
7914
812
3371
1308
9714
6961
1805
8081
323
1686
1827
24
2245
7679
3181
2987
5093
7241
3712
479
3229
8021
5314
2070
9915
7375
1563
5905
8413
3713
2438
9909
9787
2917
811
3076
3994
5620
4795
4546
8518
4975
8967
3173
425
2512
9377
7509
8312
8956
4473
4525
8485
4841
3150
234
8947
2392
3667
9251
1039
6446
3375
2560
7364
5135
8161
4333
4583
4425
5034
7514
880
4429
9200
5956
2846
4133
7715
1621
2115
3907
1428
6464
3418
1558
1524
4896
152
5736
4047
8297
2520
7004
9059
6976
4457
7229
1961
9531
9201
7661
3841
3778
5834
4887
7746
2884
7061
6894
1675
7288
4023
2982
5285
9463
9420
3396
1691
8213
3746
8713
5998
4759
900
6291
531
1650
5900
7982
8414
3283
9440
5316
5692
7931
6619
6959
1739
7896
8890
5613
5446
6295
1379
143
1743
2320
1086
5866
3184
1679
4429
861
1210
105
2035
2159
8252
2110
9153
2374
1546
7247
4002
5102
1500
5824
7195
4204
3095
1436
1668
9346
4692
6261
7421
121
7786
8125
3319
9509
5482
1883
1241
1339
8537
9697
2316
3840
5083
7168
3153
9155
3626
776
9679
1402
9168
7445
9631
4174
6514
5196
3661
2112
4916
8715
4195
6861
596
1341
9092
562
1222
8412
9460
7841
3672
3127
3559
3197
5926
8070
1428
7016
9870
4711
119
8562
2684
1063
659
1486
9184
1134
2937
2261
8240
6684
179
6555
145
1316
5168
7918
3766
2368
8175
7539
8747
5468
9740
871
2630
6632
9338
5681
1050
6477
2142
8434
6393
4698
7911
4273
2863
6961
1943
567
9597
4532
3517
9237
3854
6922
3215
9175
3912
506
7264
6388
8228
7729
6640
2733
9934
8373
3760
1089
2567
2328
2955
7234
5580
5308
3630
7975
8128
7310
2911
5786
9377
3500
9938
6203
7962
4597
9834
8702
6182
7222
7100
9497
5838
3568
7936
3333
1085
147
393
7524
6149
1617
1531
4446
4989
1389
8928
9868
8885
1531
8835
2430
859
4348
9252
2540
2500
7608
247
2884
5610
3508
4105
5923
1553
3687
4405
1620
2640
7922
4171
6295
1551
1264
2109
8658
545
7169
9049
8146
9385
2272
4180
6418
8440
9346
594
7526
7045
4647
7238
1812
8295
4759
8171
635
5414
624
1967
2818
6695
5316
1327
119
70
5927
6469
616
9480
2503
2645
9795
8405
7481
3977
2528
240
1345
5088
4942
8810
3601
4316
9087
4061
2613
8562
9307
4533
4172
7359
515
6470
6273
7779
7957
2686
6062
6671
8419
9484
5928
940
3577
6406
5099
6445
7899
5541
4809
8096
8254
4405
3880
1817
9654
6832
7204
4778
2900
5510
4640
4639
2167
9870
8077
6450
8598
3616
3327
5882
595
6454
2173
8106
1894
4911
8297
2074
9550
5183
2438
189
3459
4962
9541
9272
1404
250
1297
6719
8328
8423
4736
3154
74
4522
5251
623
4218
6584
5400
8519
1844
5801
551
4127
6659
5069
441
8018
3916
8264
1983
1955
9138
8026
8819
6824
7962
5477
8954
552
4865
3119
8212
8627
9691
7401
6522
3784
7277
3766
7325
152
1907
5928
3202
1945
1814
3620
1457
2086
6202
3250
5508
6049
8243
3618
6402
6446
6449
8353
9687
9983
936
5428
6675
565
1336
3866
5711
7998
420
4037
8805
226
8502
2793
1923
2936
9817
5956
748
1968
3879
9389
8457
3354
2763
5362
5921
5670
5014
4627
348
9902
5707
6180
3137
8936
2691
115
9088
6737
7328
3247
7762
1351
2786
4208
5054
786
2238
4670
6173
2510
2210
7733
1501
4166
4401
7764
3399
792
7119
6883
9550
8690
5822
5154
489
3231
6629
7524
9594
1241
6561
4656
9690
630
9314
2689
8490
1024
5327
9888
3924
1963
8276
9895
4061
3570
177
7562
6916
8093
8310
9851
8247
515
9458
1342
3524
3238
3839
8709
9899
5793
4321
2507
7133
1156
4928
8382
8460
7955
8324
2697
9693
4931
4504
5518
580
8075
7576
1039
1533
7534
9351
5601
9010
7116
7064
427
7798
5189
9101
1155
7999
1412
8300
3570
9291
8519
2256
5367
4795
4807
4274
8242
5915
8753
9077
1381
8895
6610
3971
4073
6267
5931
8868
5098
8908
9297
4224
4846
6060
6726
5791
4949
8726
6011
2072
3635
8405
9314
3283
9600
9091
7051
8079
6358
8719
9097
633
7871
4145
1825
5526
5626
7177
5660
6476
5141
5350
2558
7500
8151
1440
6105
3210
1795
5144
4754
8854
5222
4362
4531
8552
3336
6995
2620
4142
2430
3635
9351
2678
7170
1003
8023
2721
9848
8069
8361
1591
7303
2724
3041
7306
9455
2029
3891
3955
8533
7677
9620
2127
8943
1375
814
1358
1340
5670
9815
6708
3055
4283
5772
2680
530
8655
5219
8224
8151
3559
4986
567
9115
2296
2698
3281
3044
5404
854
8003
1937
1613
4802
8268
1331
4733
9409
3223
5707
2178
7704
5600
7303
3006
4213
7891
4942
2392
3739
8273
490
9664
4420
3341
2357
7550
7864
8059
8758
834
8119
7697
6736
2137
2022
390
8749
2232
2056
4636
2947
119
1599
8269
8542
6257
1506
196
927
3435
7908
8045
1709
1124
6947
4622
5812
6013
9571
1254
8688
6999
207
917
8421
6758
2850
5880
1653
6941
2323
8962
897
5171
5645
5693
2229
2169
9337
1927
7587
2353
9443
4367
1846
9322
3835
7758
662
8247
313
2268
7593
4316
9793
57
5379
3207
8321
1277
4450
9082
5910
6424
6173
3564
2482
4620
3384
2522
2218
1657
9884
7586
9083
4907
4632
4885
3168
753
6408
6066
5171
864
5904
9470
975
4513
667
415
1257
5944
425
1484
6085
4445
8598
6110
7584
9313
4605
4849
8024
2730
3215
1290
9513
3637
2352
63
9635
4145
1826
1191
2313
7665
3807
8721
799
3846
4384
3570
7459
224
5471
4847
5553
8050
8793
9691
5923
2693
140
3020
9456
8774
2322
3894
9181
7267
9440
7731
829
9939
4905
3870
4590
9277
244
2283
5119
3537
3055
3187
1252
6657
9671
9613
1927
7883
1574
3091
9711
538
6900
1317
3001
4442
4692
100
2544
9401
3451
1261
6359
8267
6435
7278
8964
411
2563
3256
5753
8425
1017
5872
1388
1969
9651
9681
6684
3495
7854
6012
3351
154
492
1416
6531
3754
622
2778
9696
4357
5716
7967
394
9153
3387
1059
9155
8006
1120
6653
8967
2292
1538
886
6923
341
4550
3170
8448
3021
3846
7617
7522
613
5806
8106
7872
8459
8526
7767
3571
1458
7098
9291
8065
3121
987
3850
7500
8993
5863
5538
1662
3107
3439
7036
7707
7102
469
5533
7152
2800
9758
8157
1444
1793
1753
6410
6831
9946
4696
1022
294
9952
196
2777
8389
6599
8102
2558
4776
8017
474
1701
2465
4415
9643
6731
9306
1648
7461
6068
6519
7428
3821
5530
5397
5667
6174
3728
2666
2284
6984
4936
9146
4674
9001
4251
6402
5399
2975
967
6428
9543
5556
2782
130
974
8077
5983
3317
8997
5769
9897
6149
74
7875
8837
2288
6116
3258
9455
7819
4475
5719
9539
3644
9199
5544
7343
9810
8205
5334
2840
1691
4631
4880
3259
2411
139
9529
975
5758
6185
6637
8360
2890
3070
84
9379
8768
3138
7576
9421
5755
9282
4990
9559
1612
3205
6607
5375
9818
9085
3343
1774
2418
1004
153
5981
7610
9195
4673
9611
6708
460
3795
9436
425
9520
8529
9242
4535
4920
3094
6615
916
9925
8770
9564
7741
2746
8947
1586
271
7086
1411
844
4295
8074
1557
4602
2188
82
2225
1910
7657
3001
6324
6420
3527
7018
900
2255
7821
1707
442
1042
434
7858
5946
5988
883
8199
5337
8705
3242
5117
9995
7230
9712
1794
5351
6812
2955
6034
5158
7277
8602
8120
5379
1538
6700
8086
9431
5336
5388
2167
9369
2110
9109
1418
4088
5575
7821
1720
2358
424
9312
6077
3132
4068
8451
1000
6368
793
8916
7891
3286
5207
3863
2000
8298
1457
4686
7511
3007
7985
3489
2548
7115
806
2884
5761
9068
4497
5038
2536
8888
54
3584
4638
5483
3618
2972
8827
5653
7089
2391
6075
6461
6602
7319
4329
8398
5153
3551
6541
5246
5572
7721
6202
3959
3888
5870
631
5128
6933
8119
2534
9088
2106
3190
4704
2411
8305
7999
1064
8828
93
6149
5580
8602
4573
8830
4387
9229
1133
5980
4649
354
7217
9291
9294
9258
2758
338
9839
3114
1849
3762
11
6879
452
7490
1950
6117
1081
318
6535
6336
873
403
7148
4980
7512
162
2549
2972
7602
5143
1028
5516
2915
2138
8185
9549
8109
7761
8470
2748
9216
2645
7637
2632
1327
7944
2750
3860
9815
2220
7664
3166
4525
1581
8482
900
1120
1014
5347
1569
8118
3021
6806
8278
1535
9883
8189
3666
275
2102
8274
7045
4301
5245
6242
8392
9925
9687
3532
7042
7576
5192
7545
6262
1344
8664
616
5382
7619
4789
5981
4954
986
1685
6236
5358
5690
9146
2666
9823
4484
9330
6109
4654
3780
7224
7689
6348
8806
9889
7390
892
1202
5114
9934
623
3049
5825
3681
567
9553
7165
3422
6791
6762
3860
4258
1639
8388
5696
9049
8794
8267
4593
1095
2157
539
2676
4014
1645
245
9433
555
6309
1075
6707
3922
4568
3270
6914
8831
3930
8062
1343
3401
9989
7583
4763
5265
931
9082
5057
6312
8998
9652
8994
9473
1929
8871
974
8614
2855
3435
1
2532
7001
5406
5686
7269
7681
1835
9372
3578
3181
8434
6303
2497
7009
7167
8203
8939
1077
9434
9382
5994
8274
6854
5792
2293
7188
2185
86
7077
6462
1392
4031
998
5008
9618
2945
8618
328
1252
5974
5877
7257
1052
9398
3721
5459
2724
2732
2004
5087
992
1603
7589
3261
5841
9432
9222
4540
4998
2681
3347
8539
2008
830
504
253
180
7854
8347
1378
8583
4338
6953
8535
9433
5670
950
2331
8857
6291
4056
1266
77
5537
1511
3495
769
153
790
9427
8318
2072
3648
6279
1314
1528
8276
9108
926
9537
6709
4211
9038
9148
442
741
3941
603
8008
9576
6694
4478
1155
9649
8928
7943
396
7250
5014
7557
8032
2647
4060
2263
5863
1537
8863
4422
4425
5199
9272
7695
8563
6432
9651
5083
3810
5280
6419
1706
1577
3715
2154
6307
2218
8731
337
3092
8147
9762
6380
6083
7132
2425
7745
6274
2198
8688
25
2146
6217
4257
1692
4197
12
2462
2241
7607
6698
7300
2253
9648
4569
4810
4176
6764
6861
5627
2474
7168
7060
8396
907
4521
7181
2752
1213
8450
3054
4419
9671
6954
5077
4919
8309
5924
8353
5365
1331
3007
6149
2281
2792
6187
6269
8346
2940
9291
5431
7495
7200
828
6005
9943
1772
7216
4132
9054
4029
490
3410
7595
275
645
4437
3629
7640
6355
5063
2898
2893
1190
1468
4064
4662
117
7612
8363
1940
3287
2955
1841
1233
8889
3796
2951
7576
4974
9359
824
7858
5891
1115
2749
7396
2445
8400
2539
6054
8353
9810
7767
4318
4513
825
1307
9067
8807
276
7737
4408
9880
1040
2971
3665
5708
9995
4902
7043
8993
6709
535
488
5816
9132
7127
4854
8510
2530
2826
9093
4107
8928
3562
2971
4148
5495
9845
3165
7477
6425
9046
8429
8367
8836
7016
5040
6018
9451
8775
2518
8907
3560
2510
3549
2815
9581
497
308
5467
8818
7698
697
5159
444
4417
6129
5592
6804
5039
1818
35
742
4189
9430
2515
629
4450
6531
9697
972
9264
1732
4671
3729
5493
4064
9922
7595
8148
5067
8211
2672
9146
4496
7467
8131
5907
6708
3652
1225
8790
6368
1632
3422
1422
2365
5099
3728
8900
7190
3108
8350
511
5127
6733
4659
8706
7743
5161
7085
1051
375
8200
457
2292
7532
6753
4622
5821
6520
1292
5857
2908
9111
5657
9667
6102
5657
1577
6178
4914
9384
8492
9024
5293
3371
1040
5427
6419
4987
9626
6830
5978
2764
8701
5679
9659
2232
7325
9538
6497
376
8540
4965
4638
9082
2092
6518
2375
2556
6077
2411
6439
1393
6882
6240
5680
569
8633
6787
3684
4140
416
1937
1321
1329
5508
6218
2778
5120
4423
1234
1002
5337
30
1015
5469
6940
2186
9368
4215
5613
7251
4514
6760
1326
3663
5915
3859
9354
6164
3332
8565
301
9706
3143
5730
4811
329
6611
6501
2040
8420
3002
3290
1452
2791
9151
81
498
6138
9732
8357
456
7536
8667
4548
1971
4791
3400
448
990
6226
2695
9907
5496
2611
8794
7181
9884
5527
5588
9028
4872
34
989
1171
7244
8265
8287
2704
9780
5276
8879
1821
3850
1464
5238
8463
4822
8843
7223
9067
7856
4269
1470
8291
2349
2759
5114
6220
1030
2875
5542
7813
4202
2287
5719
8573
3211
8058
687
1059
4481
6995
6963
6
4838
1853
6153
1661
2030
6778
5538
4182
8779
6759
4871
7355
9357
9943
812
4332
5859
1091
6192
8564
864
5656
7100
2167
4603
4093
9654
6995
4096
4475
5590
6527
7801
1280
2875
1834
3437
4373
5049
3854
9828
7955
3229
1513
5612
7728
9729
1352
4941
2836
1573
6343
5823
6876
4977
2620
9133
6187
5580
7511
5860
9269
9554
4422
7205
1976
7281
138
5419
4867
8345
5900
2424
9322
4332
1782
9287
5232
3212
6560
2677
7490
699
7693
9165
7703
454
6948
7702
9705
6911
8657
9439
7597
7801
8667
753
5340
8412
2798
7632
5500
2836
9674
6706
696
3558
211
1889
7377
3393
4486
4077
2984
6775
8202
2272
1489
3113
3333
1657
8617
5162
6991
3789
4704
3079
4704
4331
526
4462
2420
9291
6582
7011
6084
697
5392
5279
5944
6155
364
8111
7519
5818
1698
9863
4138
3782
2287
6596
543
3687
7495
2721
5096
4780
4573
4109
7551
3651
8895
2314
4149
2568
211
4087
2560
6275
9207
6706
5735
1820
2010
1083
5651
7372
4255
2156
2632
8066
9561
8347
3759
3643
8836
8124
3741
1863
6116
6045
7524
5762
6518
2138
5588
8391
9699
1537
8709
5871
1987
3140
1857
7382
8039
9402
8152
4792
8169
9233
8122
1109
9134
3211
7273
5605
6588
4416
6856
1999
9318
4217
3849
4826
1897
5728
4580
3568
8565
4778
2332
6126
8679
2236
1420
3952
4264
3303
2656
2528
8205
9440
253
6193
2357
8899
4381
7348
978
1093
4657
4998
1927
8552
5188
1513
3175
833
5458
8645
881
3683
6458
3261
6096
7088
8449
8539
1151
9482
8373
8220
7362
1942
8004
8753
1208
2780
3291
2247
9508
5427
959
237
426
4402
3605
9680
1120
8896
3259
9805
6141
8349
9710
125
9893
5394
8639
6340
8182
757
3021
3482
9392
8353
6470
1655
4928
9446
7812
1498
9473
1719
8029
5174
390
6020
3092
8406
7075
561
4154
7335
7366
5323
922
5854
3953
5535
9541
855
8548
2514
9533
7993
7843
300
4440
1195
7759
8870
4333
6605
9980
5877
903
1021
6496
6075
7054
750
5828
2952
5154
219
9391
4049
7998
5716
72
8222
5921
7438
6823
6858
6455
2640
2012
4286
6029
5294
3662
9137
2666
6457
3230
9472
7230
9813
5199
1632
783
9956
1371
2500
7241
5489
5402
3854
5116
8736
8425
9393
4103
4157
4056
2308
4559
3742
6035
644
2066
7496
3797
6265
2724
5825
9266
5883
3110
2026
6428
4458
8781
7294
3628
6003
4212
5074
1459
9267
9044
9469
3962
5379
5433
3066
8483
5869
2857
1424
3853
2764
7660
1456
7485
6221
5828
1697
8382
2042
4366
8575
9127
7056
1914
2188
5944
3060
8777
5345
3654
9748
1181
2779
4060
620
9112
7388
3245
4399
3692
1010
603
8860
5411
9874
9357
2132
1715
6541
9547
1218
1201
6132
639
7668
4258
1529
1174
5149
7046
5532
3254
630
2972
1161
3227
7068
6300
4903
7617
1079
7621
4324
6036
149
4937
2231
7882
6872
5623
1834
5697
6128
2802
3075
4641
1663
6224
530
5476
500
8965
363
1659
6613
5524
3191
4770
9213
4595
474
1806
1600
9340
7818
1790
3930
6478
1573
6197
7080
4756
2560
6881
2818
5104
8265
7550
992
4029
8044
7703
5542
7187
9260
4526
6408
4902
476
4783
5653
753
3702
4544
4056
2146
5469
4678
116
754
8169
2792
4937
3433
2472
6213
3703
6720
972
7167
602
548
6551
8126
6494
8042
6264
6741
7553
1717
5129
7839
3364
4761
2795
7870
8301
2094
2949
5371
8263
5884
4280
6494
8785
8914
2848
8997
8823
5251
8336
4924
1230
5673
1843
5816
2564
8392
1683
2470
6442
76
7486
1873
5983
2470
179
7505
2987
8214
7985
2737
4849
6638
5808
3827
7994
1242
6082
6973
4616
8775
1243
2787
2866
8064
4102
2467
5396
7238
4926
3733
6530
7858
1991
3076
1334
2650
7697
180
3307
5624
8594
2135
6955
1576
874
1804
3031
2110
9656
3878
6677
2763
3364
9253
4627
4067
532
9224
766
6126
4263
938
9530
9854
9222
5199
6838
8257
8723
1174
8529
550
300
5156
2058
3405
4390
703
4898
9558
3846
9267
8580
4271
5561
3131
3077
4183
5695
1295
739
5355
1016
547
6900
7473
4068
3678
369
6827
8478
9439
7890
8458
3391
6144
3630
4310
2064
4204
9402
4452
8414
9178
743
901
9061
6478
5687
8775
9822
399
4908
2816
8210
3689
6756
2376
2904
2500
5959
2601
9586
2234
4394
1658
1095
7523
5003
6209
3025
3535
6868
4261
601
5726
9268
5912
1566
4948
9009
1587
237
9701
4988
9320
9675
4469
6583
6402
89
6672
60
8179
3922
4062
9785
983
9144
301
3416
4182
324
9853
5376
9244
164
4908
8305
83
434
5066
2360
7611
1920
8461
9113
1424
9184
7012
1619
3885
8659
6662
9864
7897
6184
1111
1863
8444
2328
8093
4417
4267
8030
5739
3910
6461
6697
555
5474
7003
2579
1578
191
6806
3002
8468
5370
1029
6098
4742
1360
4471
4803
2004
8226
7454
1006
5083
6687
7921
3453
1336
8834
7057
1500
7524
9786
8751
7971
5633
4590
1856
6245
2293
3253
708
3059
128
1959
4869
82
9637
9164
481
3711
8049
6723
2969
6258
884
8962
1125
1666
282
856
3055
3035
6754
6431
4373
7223
671
2061
138
1506
2241
8952
4455
3647
251
6872
9774
83
6023
3149
6445
4890
9016
6757
425
1501
1517
3917
7108
6316
6458
570
2333
6927
3927
4280
6221
820
901
2725
1031
7115
1083
6390
3856
5315
9907
3175
8931
4205
3987
7008
3533
3584
4489
3855
613
571
6976
9495
93
8364
1741
266
1811
7465
5719
7987
6065
3640
4591
4893
9129
482
1118
3749
4609
1239
5167
6687
444
3604
4414
5053
5881
3159
921
6493
3142
3422
8178
6564
1729
582
7609
2986
8087
8713
7318
3422
9365
2411
3771
8617
9967
7472
9114
3039
118
4090
5663
9552
8973
2255
1746
4554
8666
3829
4883
8638
8326
3579
1279
7594
9030
1327
1165
3848
7824
2771
6638
2057
4484
2815
6462
5334
3230
5033
6509
1306
8727
2337
7029
5185
4218
4909
1789
7802
4406
858
2308
1487
8860
7392
8472
150
496
5762
495
364
1101
6451
1077
2483
8572
7255
2335
7386
1291
1468
3792
1761
5114
1221
145
9934
6892
9782
9005
9160
5493
8997
7399
2067
5477
2538
1462
4353
1092
804
1213
4067
5641
9898
982
6318
335
4332
8858
5801
7698
8986
5773
2877
1346
4386
2611
8319
7596
393
3849
3248
9186
8563
7060
3834
3033
5392
2362
8753
9097
1150
986
3891
6622
9868
7113
3204
6033
6895
8434
5805
6589
9798
7637
6115
6672
3902
3979
5839
47
199
6984
8001
1578
3700
4029
6476
9391
8919
911
4771
2565
1680
1151
6312
3846
1433
8615
3673
8303
6068
7353
5586
2674
6389
7822
6223
7613
4418
9327
2026
480
178
6136
9149
2241
5274
1146
1589
6790
3213
8682
7931
4177
5199
367
9324
1228
5053
7248
4591
4200
4753
933
302
6371
5562
3574
8031
2546
9294
265
7491
8407
3716
3384
3836
7048
9401
6607
4597
9216
965
672
9852
674
647
1869
4470
8639
5491
4272
164
1136
1627
9746
1137
543
7470
6535
3655
2571
8908
5470
8132
2034
2458
9632
4357
1081
9662
1675
3925
4026
9058
4920
6757
8875
7258
8382
2017
2025
3223
9308
8594
6368
7915
1781
2377
823
9990
74
7172
7339
1854
3243
1517
2248
7131
3190
61
1308
4606
3442
9874
2504
3989
7704
7620
8441
4538
1773
998
8644
8600
5100
7030
3616
3179
2053
9438
3744
776
8075
6697
6934
2495
415
7934
6319
3899
5234
8116
3925
8114
701
9513
4494
1602
3167
8299
5687
4593
8895
2901
2291
7607
5593
246
1867
3822
7024
2566
4973
7499
2140
844
3002
6539
5625
5258
3591
6469
8784
604
310
5006
6256
5175
8908
4935
2773
7877
5177
8433
1005
7197
3522
9966
3082
6899
5100
7179
7985
8676
9101
7629
3133
2515
8929
102
6554
6338
9561
4191
8946
9864
288
3818
9949
2401
1195
9899
1768
9653
4316
669
524
500
1786
4897
1893
3409
2886
6550
4846
3235
3710
2401
3560
4320
2143
531
9876
1390
3846
1176
3320
3687
3665
2023
2167
8413
7355
199
1115
7244
5409
4292
2518
6090
112
276
1005
4121
876
6026
6856
1142
5829
2642
324
3885
8088
1007
9246
5216
7020
6084
4652
7587
2778
5315
6986
4008
6965
1112
3319
3746
2965
8202
3812
9523
5695
2853
6943
8865
7330
6123
769
7623
7750
5873
3015
9258
2079
8871
7731
3013
3509
8248
9078
2246
1656
5378
3873
2339
5585
4542
9120
7080
8854
1070
2024
7688
5158
9991
3848
9535
6814
6528
4783
5801
9256
4055
3636
5873
1537
5207
3918
8489
2912
7962
4600
3246
1631
9050
5969
9236
2243
5275
6154
6654
1798
7527
6195
8218
1082
7290
4579
8438
8408
9192
1038
6744
7051
8925
8906
949
6322
2073
2675
6687
8715
9987
4892
5092
3870
5152
9532
5587
5687
7143
8619
4386
823
753
1390
6698
944
6484
7334
5028
7783
1127
6926
1293
4313
3576
1307
7759
2433
4305
658
4477
9952
382
4624
2468
6871
6841
4105
8626
3894
2877
133
5789
7467
5304
6291
77
7911
9076
4600
6594
4866
1180
4859
3200
222
6595
1715
683
5775
8041
84
3400
769
169
8256
1552
6211
9783
698
7404
6512
3978
7321
102
7087
293
9649
9506
6571
6007
2907
8636
9962
7367
7780
761
9371
5699
417
8400
4367
8818
7484
3650
7026
5342
9691
5871
2417
2415
5256
4816
9053
1588
4771
7638
4311
4133
1443
644
105
485
6472
5224
1825
3433
6348
1226
70
9983
1219
7279
3649
3906
1936
5787
932
2507
930
8394
410
4907
6269
6491
9835
1008
9373
9157
4008
6475
8927
2284
4548
2777
2638
9810
8451
9904
7562
6464
5704
6384
1592
8814
9269
39
108
3183
3117
2906
1615
5773
2861
7833
2223
6348
8272
8170
9398
2217
8026
8074
4395
8649
5587
5214
9598
4637
3992
596
9312
205
6517
9797
2834
7127
838
9691
4961
8747
3611
897
6226
3400
4297
4325
2799
6877
2456
7638
1003
9913
7039
7145
2592
6223
8785
6486
2460
5465
5845
2938
1031
3988
9832
8680
4704
1894
5261
9664
3232
7722
3824
3058
202
1857
9920
4799
2522
7657
4077
9970
3646
7106
2645
1567
8871
3479
2782
517
3438
598
7314
4245
87
1013
1443
6382
928
5795
6913
6356
6372
3766
7631
4827
5959
9726
2652
4913
1869
7796
1440
4869
2906
8186
1106
7881
8558
1887
1208
5761
2913
2293
1617
3141
6340
868
2348
5745
3075
9355
5495
679
424
1755
6232
9327
6457
4323
8175
7241
170
2221
5883
2479
273
6037
648
8124
402
9947
9477
5743
262
3826
5966
3725
5671
180
4831
7978
339
1744
6684
5813
5846
4128
9362
8788
8246
5653
8050
1081
5256
7614
3804
4055
3720
809
6382
6291
213
4480
7785
2280
2819
7905
445
3154
4107
8190
5135
8503
2261
5757
9392
111
2277
7731
3815
8933
1437
9917
8376
3116
7185
2835
9659
5618
9350
5135
7572
5683
1932
7271
2889
7217
958
1375
1814
5117
261
4053
9752
4997
9645
8879
1604
5831
5131
7736
8224
568
6144
5039
3752
8173
8670
4960
459
1071
3265
3630
4244
7680
6452
4921
8537
687
8472
649
7122
1734
2640
357
6333
4321
9759
4411
7736
9588
7911
6806
6148
8630
6266
626
8025
7115
8623
4755
5174
8831
7256
1497
8602
2581
9089
8129
1300
8442
5685
7069
785
6079
6153
404
5700
9333
5854
1518
1322
735
3937
5665
4308
2934
4116
3325
5084
4972
8719
3293
3479
8761
9295
6163
2833
4400
646
4595
4615
9771
4812
7488
9075
6821
8575
1566
8195
9260
8805
2259
5516
4466
5870
7333
4302
9674
6394
4184
1349
2166
9491
8322
1038
7990
9154
3842
554
6727
573
8452
6656
1003
8705
3188
2662
7115
908
9430
784
1162
2328
9974
8519
8894
4129
5554
501
5734
3482
3661
9362
7868
8712
8449
2574
6199
3753
4287
388
8131
2049
4976
7982
1108
1141
7779
8610
454
8206
7225
9819
776
4315
4787
5746
6512
2949
3822
4368
1765
295
9932
8112
8907
8120
5150
1341
3169
119
2067
5383
2502
5585
5946
8367
6180
3327
3476
952
491
7308
7497
8564
7116
3959
1795
7664
8031
8003
2445
5004
6660
5029
3138
6927
4580
5747
279
7965
1004
7568
5206
3081
2144
5629
6145
533
3806
7875
1600
575
6086
5668
9456
9058
8643
1557
1407
3689
4425
5207
8863
5462
9725
8397
5390
9388
2726
4308
9023
8651
3869
4190
62
481
4294
1640
8863
9782
6595
459
6103
4579
4326
9162
7349
8219
7390
1120
6077
1906
8210
6833
7802
5392
8186
27
8511
5152
9811
9572
4629
6046
1157
355
3346
2353
3760
4022
8592
8975
2290
108
9813
8555
1666
6401
4328
1939
179
6278
1903
6983
783
5458
1454
9641
1534
142
2906
7529
8865
3273
3665
9244
4687
504
6863
9342
9368
7557
9088
2807
7232
8623
807
9312
6047
9997
8248
525
3669
4882
5767
4481
8160
3729
1488
9750
5732
9586
9646
5213
1981
6671
3837
1947
8039
2168
2302
8860
6288
55
9378
6204
1504
8246
8967
9219
905
8893
8573
9591
8215
6447
4157
8709
5601
8015
3099
529
6461
1474
4889
7412
5840
8760
4143
7299
624
3314
1902
1753
5918
8618
7044
8367
3404
2789
7383
3101
8330
4594
3218
4270
5585
9026
1569
9635
6703
4167
5974
2974
3528
5943
9367
8317
3031
6615
5581
2001
7879
8707
3121
4009
9520
2050
8863
9646
2051
8265
5806
6134
9367
7628
4935
1178
365
5365
7787
6031
7419
2276
9840
804
8442
8185
615
1577
8984
7194
8871
6193
7782
1724
6879
5812
5265
7081
7179
6544
6758
3067
1779
8599
3094
3922
8305
5861
724
3121
1035
3919
6761
2601
1399
1227
4410
9720
1595
7142
7500
8081
7063
2833
631
6587
2849
2312
8181
5131
3275
9764
8245
1684
8624
4342
9982
845
4106
1222
6165
6476
8728
9569
4106
5618
5874
7225
1483
7630
2353
840
8428
8056
6594
5375
4887
5845
7026
9891
9906
5295
3432
6078
775
2455
1130
354
8901
4046
9078
4268
492
157
5255
3719
7067
3073
7183
7908
9549
9264
4502
5612
3242
9029
6040
4972
3109
9380
4672
5653
1162
7096
7275
2712
1250
9940
5112
8847
5215
4339
9852
7243
1671
6415
1055
9725
5807
8908
1242
7359
4567
5223
2706
7921
3218
2350
8727
1879
3370
9176
9257
614
2031
8816
7139
1871
84
3024
9908
8074
3441
5379
2417
20
5417
3737
3605
5901
8466
5016
3746
6918
6049
4583
6356
2221
4693
9248
1745
375
6289
9592
6881
295
6768
4789
7310
3307
7361
6521
6029
7566
3721
5405
5444
1111
3495
8278
475
5925
5291
7675
4526
8458
7451
736
8856
9672
8585
411
4616
7554
8506
7101
7117
5505
8621
6573
1566
1475
9408
1961
3218
9819
8120
8586
2065
8368
6587
193
3030
2394
1288
1070
1157
6575
1957
4767
2185
202
7355
8173
6502
6583
246
6419
402
7476
8244
4470
4399
9154
9007
9335
9024
2547
9558
4965
5280
9478
1812
5369
3557
8658
4864
1705
7892
9092
3300
4473
7237
3003
7378
1488
5766
8042
5124
53
9367
3980
9324
8921
6251
4460
2953
2645
5110
5074
219
985
3924
9930
1991
1873
5872
7641
4768
7146
8657
240
7921
6471
4584
860
7316
454
1165
8892
3258
4198
688
8757
6965
1986
1119
1737
9934
5302
4901
5361
1845
4128
8508
3943
2274
4413
3041
7191
5821
6819
5754
6323
5023
5189
5299
854
5305
1086
6888
7177
2882
3013
9459
9918
8669
5221
2124
9447
6513
2274
2582
2499
5663
6357
4473
9236
7480
1391
644
2402
8284
8671
802
6014
7708
1057
2311
2641
3163
6938
1962
4707
852
6354
2522
7430
3859
5867
639
6072
2952
5276
7117
1488
5997
2069
8272
9760
5928
9280
1324
3822
5080
1893
7451
2756
3026
9896
441
2334
446
2819
1468
2464
8738
5124
6424
2618
6238
4721
1723
8437
7020
567
7073
3667
557
2404
5209
8203
8959
7094
40
3291
4060
838
7750
8672
8473
2012
3676
2908
7736
6212
6718
4517
4156
1276
4750
6778
3469
585
8598
944
8788
2499
8885
104
2548
5091
6528
2901
8806
6540
731
3495
3415
4680
2860
24
6736
3291
493
5540
2918
9219
7029
3376
3247
3422
3551
7003
7275
3567
4220
8039
2794
6163
6264
7212
9945
186
495
6120
7141
1987
4377
6238
4706
4701
5621
5892
3253
1508
8508
6826
7823
9873
1767
8255
6846
9307
4582
6224
1666
2619
848
9688
609
1067
2088
4365
5069
1104
4793
2458
4231
8388
9984
2925
1253
9051
3
3689
9683
4767
1585
6880
6059
9415
9535
4221
6121
8485
669
1789
4523
2723
5792
8728
4515
5404
8681
7016
4339
552
5137
7665
5617
2962
979
6336
8046
744
5744
5794
7115
2401
1571
1603
2198
3219
3884
8213
7461
6868
3777
5145
3726
2174
381
5135
4493
4131
8212
6846
2370
2173
8997
9866
1714
7493
8462
8312
5575
5080
3704
4677
2941
3391
5810
4440
5954
8449
3377
6957
4659
8616
3554
1846
8636
8770
7266
7212
5496
4574
394
183
8628
5326
7261
6728
1896
840
4629
8349
9454
1974
328
9440
8364
4092
5740
5625
1936
170
5955
6661
3824
1017
8275
70
5173
3152
1248
7081
9780
3987
3624
3704
6082
3836
7880
5909
9624
4280
774
8022
1315
1090
6781
902
282
2957
7776
229
3272
5036
1075
8951
7905
4302
5921
4766
2738
3582
6185
5764
6165
7889
9099
8277
7316
9895
847
9836
3280
9605
7399
3997
2495
9565
2953
4524
8892
7866
1555
3732
5555
9617
3142
2246
6336
8442
4602
5458
6023
5462
7554
790
8366
8467
7560
7010
528
6115
2905
1997
9621
8995
3015
8569
2591
36
9026
1538
4407
3051
7099
9531
8959
6978
6323
932
1567
4493
1522
911
6979
5689
1295
5203
9267
6342
5708
8378
450
654
3250
4363
8118
2674
3937
5799
1878
4068
1668
4072
4399
7643
7159
3341
8123
1276
4326
7885
9985
4900
7128
1821
9172
1960
716
6253
4829
9861
6385
3482
2142
6196
8061
4922
5379
6083
4125
5449
4196
2399
7919
3151
1440
2420
8076
2021
6866
5220
44
3187
761
1540
1043
6401
8840
5768
9101
9368
6407
9964
4637
5873
6311
2724
734
2331
1800
3896
3850
2015
2037
4762
5300
7289
5169
204
1477
5735
1107
4906
9062
3406
2165
3762
8854
864
1232
8826
6126
4553
9998
1815
1221
7380
4354
5071
5930
1640
2512
2672
5156
8582
3422
5522
2134
2432
9062
7030
647
7436
4326
9201
3725
7551
2686
1455
9425
4176
2651
2587
6255
7573
6092
1310
3572
527
2492
8499
6792
8653
3619
1001
7625
5683
546
8023
8115
7805
5967
6534
4717
7604
965
9699
496
1940
1549
6390
7639
8746
4469
3349
9051
7043
2562
86
6875
7490
6672
2000
575
2135
3331
2065
871
8777
5314
5665
4506
7720
4297
4599
5595
7482
8864
2374
841
9893
424
2883
7163
3000
6378
1147
1260
125
8720
180
7274
297
9176
7872
5762
9530
907
5179
6660
3423
5545
870
5746
3109
4324
8924
1959
907
4219
1017
2067
5127
9430
8233
7571
3796
7379
9473
2784
1996
3571
7869
7440
1846
4788
4110
8093
4788
2772
2916
6094
8363
1758
6692
7947
9902
1351
4825
1915
3914
3942
3405
266
9044
4367
3772
6314
7151
9080
1188
543
2900
9686
122
6836
5301
4157
5286
9281
3785
4664
6927
4823
9373
551
504
9361
7425
8732
8784
5362
7592
78
1766
141
3082
6566
5904
4465
6194
3136
600
5608
9542
5237
6852
2288
8634
9122
8700
7988
2158
616
4553
5590
1480
7056
8563
9267
71
6460
5116
3305
7021
1457
4076
217
1726
6918
4574
8813
7913
8325
5119
1358
5590
665
6681
5645
8247
198
4468
8843
3133
9253
961
295
1853
3368
6137
1958
4305
3033
4048
4962
2723
6158
4780
2439
1153
4814
3305
2086
8740
8042
1947
6792
449
4965
7898
8077
2090
7826
8539
9307
8855
9499
7758
3239
5954
917
1401
4607
2046
2691
6107
8768
1860
6321
7937
6495
7509
6753
2335
6404
4605
798
2645
5360
4715
9543
692
8313
7963
4689
4108
1895
8514
2506
9331
7150
140
1082
7772
3680
8442
9326
791
3060
7990
3683
8269
621
3370
9924
8750
1545
5010
4705
2015
8344
3727
5492
8683
4351
2003
8368
6754
9832
5875
6254
4237
2350
6966
4060
1433
5087
8010
933
6303
6464
324
6843
5064
9509
1681
9844
9781
6217
6877
2234
1159
1123
9889
5481
9717
100
8890
7692
4796
7487
6086
6799
7090
5299
8368
6692
6179
1694
3697
7604
7433
557
5256
574
2771
648
2124
7732
5476
8711
6583
3009
7197
4276
8887
8390
1477
1631
399
9315
7394
1138
3014
6301
1116
3975
1177
3150
7422
9992
2358
3624
7001
3929
7514
8936
7039
7480
2889
1628
1363
492
120
6754
5600
3511
1787
5185
3326
8335
5385
2907
6817
238
1281
3252
4143
5388
6031
632
1134
7016
8983
8848
9184
7262
821
8408
4327
9866
7356
9100
4926
7976
2111
3997
5275
3393
8455
9212
7368
1553
5044
1359
689
5828
8448
7984
4670
1898
212
7325
60
8272
9663
2558
4790
4467
7727
5526
6385
6785
5095
7923
5320
9145
993
9077
8666
8879
51
5430
4346
6127
3199
1814
9331
4669
3637
7790
5579
9798
2030
362
9789
5941
8567
7228
2231
7894
1688
578
3011
7872
342
2188
6216
8164
9741
1797
7101
1033
9143
9847
2476
4581
4984
6378
44
616
3063
914
9975
563
3930
9100
7470
24
2401
2739
2087
8379
7962
4686
2538
5115
2104
2714
3257
5016
1412
4047
3010
9239
3881
1505
5659
9259
1977
7963
2648
9843
1486
8015
7554
9287
5161
5319
6529
5091
6477
1244
7326
5928
9230
5050
288
9810
6632
6313
8219
7952
67
6598
6312
5583
8622
6882
213
5050
8189
9430
3053
6992
9636
4839
8966
5354
7850
4042
4391
6287
7653
9149
6254
1278
5773
1415
1935
6093
3637
8026
5564
657
5790
7358
4684
1368
1184
5222
9594
1158
2414
3445
9241
1983
4919
9454
688
7246
781
4490
180
5570
4457
7125
9233
9290
4720
4859
7451
4747
6944
2727
5799
7100
3553
956
3093
2850
8712
8181
8839
3319
2534
2137
4389
4412
5409
626
1435
1769
8664
8409
6537
7176
560
3852
3352
663
3135
16
1918
4821
7487
8766
8579
654
5397
3716
4872
4701
7661
9216
383
2399
2807
5346
6965
2291
8553
4465
2238
4399
1794
6574
153
3183
4705
6238
3456
1228
9406
2330
8456
9778
9160
2041
956
7817
1111
5927
8532
2702
8227
9909
9046
6749
6539
8541
918
9169
1232
4629
8728
6815
3172
7268
6058
7134
6857
7885
1547
1701
4484
9462
6577
4096
9442
8993
9172
836
6339
6544
3784
3354
9272
9584
6763
5945
291
3506
5172
7732
6404
4738
9942
9673
7554
429
2931
9444
4350
4078
644
8755
5340
2779
4512
2989
9880
7909
1389
7862
322
9115
6120
2719
4165
5385
6198
7418
3817
7412
7590
7050
930
1400
3013
5978
2858
8617
8665
7871
5951
5610
1992
3687
6706
4695
7028
3835
9222
7225
9529
4095
7582
2216
5713
6875
8800
3910
463
5465
9322
6184
3132
332
2227
198
1811
323
2549
8699
3102
9137
2592
1021
9455
1254
4332
336
9488
9366
1520
9882
1179
3773
4918
1831
7915
9559
3565
2617
3695
6952
2519
249
6538
5916
7025
2299
9739
8375
9711
8398
2231
7529
2092
216
7398
2715
2613
4237
2662
7660
9376
1101
5074
3783
8999
5577
6550
4069
9667
1509
3924
7435
2222
4306
2390
4881
7189
9134
4808
913
4423
146
98
9035
5601
7468
2079
9374
8674
5877
6592
355
4171
8381
4354
5003
3565
4940
5337
6589
9293
466
7467
5097
5074
8987
3682
1554
3982
2903
8033
5838
2181
156
1145
3871
1845
1710
3811
2483
7963
4956
9272
7766
8403
9511
2010
2553
3634
8407
3606
1403
262
6231
7828
6824
5602
3979
2285
4281
1883
6169
7454
362
436
420
5127
4487
322
7215
1185
1885
2059
5363
3536
6327
7547
7353
4019
4447
8930
6278
4395
4990
8407
8022
5718
2082
5271
3851
6149
9511
4281
5370
4958
8703
618
56
9301
8014
3204
6693
690
8964
437
2940
370
5429
1690
7642
2291
7220
2879
6889
1923
814
1706
4418
4282
7381
610
8001
837
4192
9157
8369
4052
1709
3551
5121
5056
9616
787
9929
2747
4412
3884
5113
8363
7230
2342
974
7455
972
1303
4625
7365
7392
2736
6786
5044
3269
6179
8494
4298
5111
7304
7299
3471
2961
5330
1582
8712
1640
830
6748
578
7668
3488
7276
6614
6262
3206
9127
1131
7329
2777
3391
4028
4689
6764
3903
2246
9410
8356
1501
9150
9654
5729
6976
7261
9695
5486
3394
5202
4527
877
4540
646
5406
3834
6361
9947
6604
7930
630
1472
3605
1816
4875
2613
7702
7745
5836
6905
4110
364
4729
2494
9936
3253
138
9661
2993
6774
172
6258
7781
4339
3150
3219
4092
8792
9035
8919
5040
5426
1040
5187
7540
8549
2849
2987
6522
4022
4872
5117
4503
6933
9396
372
2006
8566
1735
7171
9889
3047
9707
6744
5683
8169
8203
3245
6747
3440
7633
3309
9978
492
1395
4096
9296
7041
8602
6589
8115
2523
1300
5090
3616
3746
5485
2315
4009
7398
1232
2278
9402
9952
7590
6854
2840
5292
5036
1061
8360
4409
8058
2575
2011
4015
6201
1284
79
6427
4192
1812
6586
7071
4113
153
2170
5501
622
892
413
9948
5579
893
6614
4251
6492
7561
7180
5918
3026
1914
6234
1332
3390
485
3463
8101
4096
5030
204
4404
829
4744
4980
5220
9794
773
2294
350
3102
8567
9743
2017
1316
488
3032
8752
3890
4855
2190
4562
6403
4255
6841
8616
7600
4198
1852
1982
8623
2232
3985
9867
807
4437
5433
9440
9600
6118
1916
5830
442
2103
4037
5757
9073
9943
4244
6162
9384
68
5219
5124
2956
6296
3039
164
1364
2887
8488
5051
5028
830
4924
8710
6075
969
3589
7937
3244
541
4717
8449
6851
8771
9543
3852
6490
1693
3617
8480
1404
732
8299
7492
6567
8324
5645
5141
1602
4649
5587
1077
2585
5140
5794
1563
8496
3570
6148
4618
8831
923
452
3407
711
3740
4989
4108
4296
2332
3488
3453
7797
9549
166
8624
3129
1296
5245
2901
5144
729
7136
5020
8083
6417
1684
6764
711
2881
5449
5340
2401
3592
9637
3149
2862
663
4065
213
6971
6839
2898
1152
8773
609
2615
9712
3480
1541
1830
3376
9581
8536
6488
7508
8185
205
2956
4504
9512
9873
5456
5823
3268
9490
9699
6488
7284
9629
9684
487
8784
57
3105
3232
1721
1942
3096
429
4406
506
2064
3001
5553
268
108
4881
9265
7523
2143
9161
449
6024
1003
9303
2825
9493
4596
2371
7664
1926
3833
6981
5807
5078
5883
498
2309
8826
3072
2957
3732
3617
3258
5198
1066
6515
7055
8203
8823
5783
1308
7163
1638
1270
3653
1280
8264
6902
7581
5086
6318
2116
6157
3556
6403
5025
793
6157
2386
3347
1901
9825
5279
6817
6765
3798
575
8705
2849
3570
1462
4756
7546
9824
7086
887
9930
135
935
6351
9446
8881
6826
7594
294
5508
5503
8343
8414
456
4863
788
1448
5164
6220
670
3014
485
5149
9689
7517
9693
195
7420
909
4575
75
4151
1952
140
6619
6193
2787
3327
7402
3003
8981
6061
2457
1344
6991
7079
4055
4428
5695
9772
1976
7616
8735
1642
111
9088
7292
8853
2960
8216
8129
9653
7326
3137
2500
1904
2718
7487
4161
4044
2499
5294
7116
3685
6566
7712
1273
8950
2562
1782
8243
9511
5297
4258
1085
7632
4680
6333
6387
462
1048
6435
542
9443
7648
2464
6878
4861
4669
8667
199
4910
5504
7392
7374
9920
3727
6730
9186
21
8091
9769
6664
2144
5191
1646
8103
4476
3169
406
2009
2227
7931
4932
1460
8248
2864
8012
188
8768
5231
4270
9747
4246
4151
485
4577
4443
8887
3257
5318
7060
2165
5514
6054
7110
7736
7875
784
3311
3902
8767
2719
6802
5886
3703
2668
816
7765
3154
4035
8695
300
9609
156
715
1564
5472
9690
2546
4048
8359
7570
5158
1921
7707
6278
4639
9460
121
9477
7235
6013
3749
3579
4651
7802
8102
9104
6208
1834
8779
1478
5559
6583
2601
9501
6241
8097
425
6432
4078
3903
3954
5525
77
3426
9196
6002
2353
3083
9418
2179
7309
4289
7368
6756
224
7208
388
4548
7777
2817
2091
8930
7230
4199
1479
1502
7427
5402
4116
4632
4327
7900
8544
4078
7018
7276
9529
8934
5521
3863
1832
1484
1085
8471
1196
3458
614
144
8253
2996
513
4178
7987
8520
2023
5192
8408
8867
9984
8855
7451
5700
2746
9163
1570
6798
2529
44
1239
6291
8961
4491
51
8958
8601
4957
8723
7729
5886
1415
941
2002
5322
8524
3181
3658
8085
1141
5418
1336
5554
1604
562
9154
2006
3833
1838
9056
9658
8113
65
2519
7456
3489
1176
7404
6706
5284
5832
8302
6391
7119
469
6689
4260
3912
5500
2177
7477
720
154
8799
1267
1428
6427
1380
8670
8136
6459
4931
8146
7388
40
2202
1222
8559
363
7736
2633
8277
8968
7950
4129
8617
5560
3810
1539
2403
1263
3317
8954
8292
6373
3825
4463
7214
7140
4401
1035
9262
3264
9038
9815
4832
415
1926
1987
7783
4689
7440
2989
5115
6233
4976
3770
7510
1771
9516
6637
9958
5865
1805
2294
9928
6126
9386
1929
6948
6919
1894
9630
2213
6457
4671
4847
3633
715
5370
8200
2483
5458
4589
1961
4821
3721
5652
1986
4496
8367
2296
936
637
9361
9780
6385
4728
965
6363
3834
2985
1293
4887
2582
7398
2681
6045
8116
1122
5728
6993
4422
1046
4694
5534
541
3324
6350
5264
1512
9703
5351
6170
9067
6170
5201
5987
8943
4996
6147
2676
8602
966
5576
5893
5513
2519
4880
8180
9032
5422
3320
6474
5704
3828
7519
6515
3505
2562
7538
465
8722
4871
8098
7979
8834
5422
2671
336
7816
7516
7819
4112
3771
8774
5228
3932
8623
4117
4216
1195
9363
8354
810
4262
1884
4285
2350
7496
9583
238
7494
9255
9560
3698
6548
428
8214
5449
7758
1010
6417
3846
2688
515
1999
9192
8376
1095
1294
7423
3910
2162
6792
3330
8014
7322
4815
5210
7218
567
5738
5034
460
885
8893
296
7092
7346
7415
1327
7741
2329
3819
9716
5820
9322
3252
3809
3902
5346
8391
7811
9796
3766
6735
5124
5138
6700
7887
6279
9865
2155
2757
7434
1392
4357
7536
6562
5462
7893
145
1233
2260
4824
7682
624
6130
8154
6138
528
655
3538
2531
4595
6069
5255
6554
4760
1877
8801
3424
6572
5738
8287
8055
1591
3266
142
3443
1438
9344
9570
3178
6293
4689
640
4796
7509
5604
8368
5550
3672
138
4232
7156
4435
6625
7999
1775
7105
9857
4066
7450
2357
9748
7242
8269
3379
8247
6061
8273
3817
8139
8467
8487
3427
3593
4334
5055
4140
6873
188
5002
3617
513
798
8928
6833
6278
8428
4756
7792
9003
5825
6868
4017
6715
7955
6005
1451
9948
475
6603
8258
6706
1008
6993
3948
6948
9400
8144
6722
1002
4187
9900
6578
8798
6572
9970
3229
5789
6730
5057
6950
951
4669
6945
3457
3083
3283
7312
4227
5069
4617
3698
8460
8038
8439
9336
3278
1842
306
909
4599
9845
4241
3061
6619
3037
9904
7968
7837
4710
8602
1733
3187
4919
2468
8513
2081
698
4205
7479
7819
8428
4685
9717
1187
1484
1362
6037
7385
6533
8764
286
497
7796
526
6421
2920
9830
6433
7135
914
6910
4126
7463
4786
5169
7648
3811
6398
9672
3434
3850
426
1514
7505
6090
1286
7565
9273
3010
5775
1785
7953
5584
1523
8880
6833
9420
7701
466
4839
775
8527
9114
3681
3406
5767
6849
696
6224
8364
4764
2784
6886
1692
362
4835
6662
5454
8887
5494
9460
5828
6836
5006
3185
6886
7313
3787
8453
2906
5385
7054
7285
2748
9593
6752
1824
3083
7453
9876
4401
519
5345
1531
3131
7774
995
5020
3062
6649
5936
1270
3452
7842
774
3156
9661
7425
9264
6875
1005
5076
8437
1802
2891
9979
420
4515
833
9498
3845
9807
5762
224
7105
4644
2944
5520
4552
192
3620
9136
4303
9049
4020
9744
4156
1688
339
946
544
3649
3348
2317
2464
4383
8777
5166
2927
6223
204
5103
1680
6343
3602
5358
3952
1321
9434
1270
3229
6592
9915
7099
9641
2626
9526
5310
3983
6388
2170
6049
7985
7680
88
9779
5949
9729
1698
2712
8240
7911
7474
8546
3887
8668
5770
2622
7791
8194
4803
7073
8938
9069
3573
4578
8523
1502
5482
8129
2688
8721
8973
1036
3317
3685
1566
5843
7669
797
9569
3688
7537
3637
7061
206
3182
7276
5770
9982
3445
4875
2742
1145
2024
3759
5654
9149
1190
7527
516
4916
3439
7401
3676
801
1205
729
7041
448
3337
9499
8509
9421
180
5452
6797
8279
2267
6509
2410
2120
8797
9263
3030
9139
2133
5124
2710
5818
7944
8922
8924
9189
3162
5133
1897
7531
9362
5153
6581
8035
552
1659
3425
2049
6586
4510
9762
38
9457
756
8215
9690
9503
6168
930
6718
5192
9300
2057
9104
7730
8358
8874
1155
8405
5636
532
803
1766
4298
4490
5324
4664
3936
4019
282
9291
1798
7505
5084
3471
411
7665
7610
7381
5800
2837
3584
5764
205
2590
5226
1838
4578
5069
7883
4400
862
2378
8076
6548
754
2854
7045
739
2901
2655
7353
9126
7458
829
5893
6788
4385
7224
2712
4053
7669
531
3787
1378
9638
4639
2594
6295
8123
4267
8759
1013
6462
7506
1903
4030
8125
1289
5059
150
443
3264
6767
3887
579
1723
5466
6059
6400
3103


1
1
3
6
6
7
9
11
12
16
19
20
20
21
24
24
24
25
27
28
29
30
34
34
35
36
38
39
39
40
40
44
44
44
45
47
48
51
51
53
54
54
55
56
57
57
60
60
61
61
62
63
65
67
68
68
70
70
70
71
72
74
74
74
75
76
77
77
77
77
78
79
81
82
82
83
83
84
84
84
86
86
87
88
89
89
93
93
93
93
96
98
99
99
100
100
101
102
102
102
103
103
104
105
105
105
108
108
108
111
111
112
115
116
117
117
117
117
118
119
119
119
119
120
121
121
122
122
125
125
128
129
130
132
133
135
135
135
138
138
138
138
138
139
140
140
140
141
141
142
142
143
144
144
145
145
145
146
147
149
149
150
150
152
152
152
153
153
153
153
153
153
154
154
154
156
156
157
158
162
163
164
164
164
166
169
170
170
172
177
178
179
179
179
180
180
180
180
180
180
181
183
183
183
183
186
188
188
189
191
192
193
195
195
196
196
198
198
199
199
199
202
202
203
204
204
204
205
205
205
206
207
208
211
211
212
213
213
213
216
216
217
217
219
219
220
222
224
224
224
226
229
231
234
237
237
238
238
240
240
244
245
245
245
246
246
247
249
250
251
253
253
253
261
261
262
262
265
265
266
266
268
268
271
271
273
274
275
275
276
276
276
279
280
282
282
282
283
286
286
288
288
291
293
294
294
295
295
295
296
297
300
300
300
301
301
302
305
306
308
309
310
312
313
313
318
321
322
322
323
323
324
324
324
328
328
329
330
332
334
335
336
336
337
338
338
339
339
339
341
341
342
348
350
351
354
354
355
355
357
357
362
362
362
363
363
364
364
364
364
365
367
369
370
372
375
375
376
378
379
381
382
383
384
388
388
388
390
390
391
392
393
393
394
394
396
396
398
398
399
399
402
402
402
402
403
404
404
406
406
409
410
411
411
411
413
415
415
415
416
417
420
420
420
424
424
424
425
425
425
425
425
426
426
427
427
428
428
429
429
433
434
434
436
437
441
441
441
441
442
442
442
443
444
444
444
445
446
448
448
449
449
450
452
452
454
454
454
456
456
457
459
459
460
460
462
462
463
465
466
466
467
468
469
469
471
471
472
474
474
474
475
475
476
476
476
479
480
481
481
482
482
485
485
485
485
487
488
488
489
490
490
491
492
492
492
492
493
495
495
496
496
497
497
498
498
499
500
500
501
504
504
504
506
506
511
512
513
513
515
515
515
516
517
519
519
519
519
523
524
525
526
526
526
527
528
528
529
530
530
531
531
531
531
532
532
532
532
533
535
538
539
541
541
542
543
543
543
543
544
545
546
547
548
550
551
551
551
552
552
552
552
554
555
555
557
557
558
560
561
562
562
563
565
565
565
567
567
567
567
567
568
569
570
571
573
573
573
574
575
575
575
578
578
579
579
580
581
582
585
589
594
594
595
596
596
598
600
601
602
603
603
603
604
609
609
609
610
613
613
614
614
615
616
616
616
616
618
620
620
621
622
622
623
623
623
624
624
624
626
626
629
630
630
630
630
631
631
632
632
633
634
635
636
637
639
639
640
644
644
644
644
645
646
646
647
647
647
648
648
648
648
648
649
652
654
654
654
654
655
656
657
658
659
659
662
662
663
663
663
665
667
669
669
670
670
671
672
674
679
683
687
687
688
688
689
689
690
692
696
696
697
697
698
698
699
701
703
704
708
709
711
711
712
715
715
716
720
724
724
729
729
729
731
732
732
734
735
736
739
739
740
741
742
743
743
744
745
747
748
750
751
753
753
753
753
754
754
756
757
761
761
766
767
768
768
769
769
769
769
773
773
774
774
775
775
776
776
776
776
779
781
783
783
784
784
785
785
786
787
788
790
790
791
792
793
793
797
798
798
798
799
801
802
803
804
804
806
807
807
808
809
810
811
812
812
813
814
814
816
819
819
820
820
821
822
823
823
824
825
828
829
829
829
830
830
830
833
833
834
836
837
838
838
838
840
840
841
844
844
845
847
848
851
852
852
852
854
854
855
855
856
858
859
860
861
862
863
864
864
864
868
868
870
871
871
873
874
874
876
876
876
876
877
879
879
880
881
883
884
885
886
887
887
889
890
891
892
892
893
894
897
897
900
900
900
900
901
901
902
903
905
906
907
907
907
908
908
909
909
911
911
913
914
914
915
916
917
917
918
921
922
923
925
926
927
928
930
930
930
931
931
932
932
933
933
933
935
935
936
936
938
939
940
941
941
942
944
944
946
947
949
950
950
951
952
952
954
956
956
958
959
961
963
964
965
965
965
966
967
969
969
970
970
972
972
972
974
974
974
975
975
978
978
979
982
983
983
985
986
986
987
989
989
989
990
992
992
993
994
995
996
998
998
1000
1001
1002
1002
1003
1003
1003
1003
1003
1004
1004
1005
1005
1005
1006
1007
1008
1008
1009
1010
1010
1013
1013
1014
1015
1016
1017
1017
1017
1021
1021
1022
1024
1027
1028
1029
1030
1031
1031
1033
1035
1035
1036
1038
1038
1039
1039
1040
1040
1040
1042
1042
1043
1046
1048
1050
1051
1052
1055
1057
1058
1058
1059
1059
1061
1061
1063
1063
1064
1065
1066
1067
1070
1070
1070
1071
1075
1075
1077
1077
1077
1079
1081
1081
1081
1082
1082
1083
1083
1085
1085
1085
1086
1086
1089
1090
1091
1092
1093
1095
1095
1095
1101
1101
1104
1104
1106
1106
1107
1108
1109
1110
1111
1111
1111
1112
1112
1115
1115
1116
1118
1118
1119
1119
1120
1120
1120
1120
1120
1121
1122
1122
1123
1124
1125
1125
1127
1128
1130
1131
1131
1133
1134
1134
1136
1136
1136
1137
1138
1141
1141
1142
1143
1144
1145
1145
1145
1146
1146
1147
1150
1151
1151
1152
1153
1155
1155
1155
1155
1156
1156
1157
1157
1158
1159
1159
1160
1161
1162
1162
1165
1165
1171
1171
1173
1174
1174
1176
1176
1177
1178
1179
1180
1181
1182
1184
1185
1187
1188
1188
1188
1190
1190
1191
1195
1195
1195
1196
1196
1198
1201
1202
1205
1208
1208
1210
1213
1213
1218
1219
1221
1221
1222
1222
1222
1224
1225
1225
1226
1226
1227
1228
1228
1229
1230
1230
1232
1232
1232
1233
1233
1233
1234
1237
1239
1239
1239
1241
1241
1242
1242
1243
1244
1244
1248
1249
1250
1252
1252
1253
1253
1254
1254
1257
1260
1261
1262
1263
1264
1265
1266
1267
1270
1270
1270
1273
1274
1276
1276
1276
1277
1278
1279
1280
1280
1281
1281
1281
1284
1286
1288
1289
1290
1290
1291
1292
1293
1293
1293
1294
1295
1295
1296
1297
1300
1300
1303
1306
1307
1307
1308
1308
1308
1309
1310
1310
1314
1315
1316
1316
1317
1318
1318
1321
1321
1322
1324
1326
1327
1327
1327
1327
1329
1329
1331
1331
1332
1332
1334
1334
1336
1336
1336
1337
1339
1340
1341
1341
1342
1343
1344
1344
1345
1346
1347
1349
1349
1351
1351
1352
1352
1358
1358
1359
1360
1362
1363
1364
1367
1368
1371
1372
1373
1375
1375
1378
1378
1379
1380
1381
1381
1381
1381
1385
1388
1388
1389
1389
1389
1390
1390
1391
1391
1392
1392
1392
1393
1395
1396
1399
1399
1400
1400
1400
1401
1402
1403
1404
1404
1405
1405
1407
1411
1412
1412
1412
1415
1415
1416
1417
1418
1420
1422
1422
1424
1424
1425
1428
1428
1428
1430
1433
1433
1435
1436
1436
1437
1438
1439
1440
1440
1440
1440
1442
1443
1443
1444
1445
1447
1448
1448
1449
1451
1452
1453
1454
1455
1456
1457
1457
1457
1458
1459
1460
1462
1462
1464
1465
1467
1468
1468
1468
1470
1472
1472
1474
1475
1476
1476
1477
1477
1478
1479
1480
1482
1483
1484
1484
1484
1486
1486
1487
1488
1488
1488
1489
1490
1493
1494
1497
1497
1498
1500
1500
1501
1501
1501
1502
1502
1504
1505
1506
1506
1508
1509
1509
1509
1511
1512
1513
1513
1514
1515
1517
1517
1518
1519
1520
1522
1523
1523
1524
1528
1529
1529
1529
1531
1531
1531
1533
1534
1535
1537
1537
1537
1538
1538
1538
1539
1540
1540
1541
1544
1545
1546
1546
1547
1549
1549
1551
1552
1553
1553
1554
1555
1557
1557
1558
1563
1563
1563
1564
1564
1566
1566
1566
1566
1566
1567
1567
1568
1569
1569
1570
1571
1573
1573
1573
1574
1576
1577
1577
1577
1578
1578
1580
1581
1582
1583
1584
1585
1586
1586
1587
1587
1588
1589
1591
1591
1592
1595
1597
1598
1599
1600
1600
1600
1602
1602
1603
1603
1604
1604
1612
1613
1615
1617
1617
1617
1619
1620
1621
1627
1628
1630
1631
1631
1631
1632
1632
1633
1637
1638
1639
1639
1640
1640
1640
1642
1645
1645
1646
1648
1650
1653
1655
1656
1657
1657
1658
1659
1659
1661
1662
1663
1666
1666
1666
1666
1668
1668
1671
1675
1675
1679
1680
1680
1681
1683
1684
1684
1685
1686
1688
1688
1688
1690
1690
1691
1691
1691
1692
1692
1693
1694
1694
1697
1698
1698
1701
1701
1701
1704
1705
1706
1706
1707
1709
1709
1710
1714
1715
1715
1715
1717
1719
1720
1721
1721
1722
1723
1723
1724
1726
1728
1729
1732
1732
1733
1734
1734
1735
1736
1736
1737
1737
1737
1739
1740
1741
1743
1743
1744
1745
1746
1752
1753
1753
1755
1755
1758
1760
1761
1763
1765
1766
1766
1767
1768
1769
1771
1772
1772
1773
1773
1774
1775
1779
1781
1782
1782
1785
1786
1787
1788
1788
1789
1789
1789
1790
1793
1794
1794
1795
1795
1796
1797
1798
1798
1800
1802
1804
1805
1805
1805
1806
1808
1811
1811
1812
1812
1812
1814
1814
1814
1815
1816
1817
1818
1820
1820
1821
1821
1822
1822
1823
1824
1825
1825
1826
1827
1830
1831
1832
1834
1834
1834
1835
1838
1838
1841
1841
1842
1843
1844
1845
1845
1846
1846
1846
1848
1849
1852
1853
1853
1854
1854
1856
1857
1857
1860
1861
1863
1863
1867
1867
1869
1869
1870
1871
1873
1873
1876
1877
1878
1878
1879
1883
1883
1884
1885
1887
1888
1889
1893
1893
1893
1894
1894
1894
1895
1896
1897
1897
1898
1901
1902
1903
1903
1904
1905
1905
1906
1907
1908
1909
1910
1911
1914
1914
1915
1916
1918
1920
1921
1921
1923
1923
1923
1923
1924
1926
1926
1927
1927
1927
1929
1929
1929
1929
1929
1931
1932
1932
1934
1935
1936
1936
1937
1937
1937
1939
1940
1940
1942
1942
1942
1943
1944
1945
1946
1947
1947
1950
1952
1954
1955
1957
1958
1958
1959
1959
1960
1961
1961
1961
1962
1962
1963
1967
1968
1969
1971
1974
1976
1976
1977
1978
1979
1981
1982
1982
1983
1983
1986
1986
1987
1987
1987
1987
1991
1991
1991
1992
1996
1997
1999
1999
1999
2000
2000
2001
2002
2003
2004
2004
2005
2006
2006
2008
2009
2010
2010
2011
2012
2012
2015
2015
2016
2017
2017
2019
2020
2021
2021
2022
2023
2023
2024
2024
2025
2026
2026
2026
2026
2028
2029
2029
2030
2030
2031
2034
2034
2035
2037
2040
2041
2042
2046
2046
2047
2049
2049
2050
2051
2051
2053
2055
2056
2057
2057
2058
2059
2061
2064
2064
2065
2065
2066
2067
2067
2067
2069
2070
2072
2072
2073
2074
2075
2078
2079
2079
2081
2081
2082
2084
2084
2086
2086
2087
2088
2090
2091
2092
2092
2092
2092
2094
2097
2100
2102
2103
2104
2104
2106
2106
2106
2109
2110
2110
2110
2111
2112
2115
2116
2116
2120
2124
2124
2127
2128
2128
2128
2130
2132
2132
2133
2133
2134
2135
2135
2137
2137
2138
2138
2140
2140
2142
2142
2143
2143
2144
2144
2146
2146
2149
2154
2155
2156
2157
2157
2158
2159
2159
2162
2162
2162
2163
2165
2165
2166
2167
2167
2167
2167
2168
2169
2169
2170
2170
2173
2173
2173
2174
2177
2177
2178
2179
2179
2181
2182
2183
2185
2185
2186
2188
2188
2188
2190
2193
2198
2198
2202
2203
2206
2208
2210
2211
2213
2216
2217
2217
2218
2218
2220
2221
2221
2221
2222
2222
2223
2225
2227
2227
2227
2227
2228
2229
2231
2231
2231
2231
2232
2232
2232
2234
2234
2234
2235
2236
2237
2238
2238
2240
2241
2241
2241
2243
2245
2246
2246
2246
2247
2248
2253
2255
2255
2256
2256
2257
2258
2259
2260
2261
2261
2263
2267
2268
2268
2272
2272
2274
2274
2276
2277
2278
2280
2281
2282
2282
2283
2284
2284
2284
2285
2286
2287
2287
2288
2288
2288
2289
2290
2290
2291
2291
2291
2292
2292
2292
2293
2293
2293
2294
2294
2296
2296
2299
2299
2301
2302
2303
2306
2308
2308
2309
2309
2311
2312
2313
2313
2314
2314
2315
2316
2317
2319
2320
2322
2322
2323
2328
2328
2328
2329
2330
2331
2331
2332
2332
2333
2334
2334
2335
2335
2337
2339
2342
2345
2348
2349
2350
2350
2350
2350
2352
2353
2353
2353
2353
2357
2357
2357
2358
2358
2360
2362
2365
2366
2368
2370
2371
2374
2374
2375
2376
2376
2377
2378
2378
2386
2390
2391
2392
2392
2394
2399
2399
2400
2401
2401
2401
2401
2401
2402
2403
2404
2408
2410
2411
2411
2411
2411
2413
2414
2414
2415
2417
2417
2418
2420
2420
2422
2424
2425
2425
2425
2426
2429
2430
2430
2430
2431
2432
2433
2438
2438
2438
2438
2439
2445
2445
2446
2455
2456
2457
2457
2458
2458
2460
2462
2463
2464
2464
2464
2465
2467
2467
2468
2468
2470
2470
2470
2471
2472
2474
2476
2479
2481
2482
2483
2483
2483
2490
2492
2494
2495
2495
2497
2499
2499
2499
2500
2500
2500
2500
2501
2502
2502
2503
2504
2504
2506
2506
2507
2507
2507
2508
2510
2510
2512
2512
2513
2514
2515
2515
2515
2518
2518
2519
2519
2519
2520
2522
2522
2522
2523
2525
2528
2528
2528
2529
2530
2531
2531
2532
2534
2534
2535
2536
2538
2538
2539
2540
2541
2544
2546
2546
2546
2547
2548
2548
2549
2549
2553
2556
2557
2558
2558
2558
2560
2560
2560
2562
2562
2562
2563
2564
2565
2565
2566
2567
2568
2570
2571
2572
2574
2574
2575
2575
2579
2581
2582
2582
2585
2586
2587
2590
2591
2592
2592
2594
2599
2600
2601
2601
2601
2604
2610
2611
2611
2613
2613
2613
2615
2617
2618
2619
2620
2620
2621
2621
2622
2625
2626
2627
2630
2631
2632
2632
2632
2633
2638
2640
2640
2640
2640
2641
2642
2643
2645
2645
2645
2645
2645
2646
2647
2647
2648
2650
2651
2651
2652
2654
2655
2656
2662
2662
2663
2664
2666
2666
2666
2668
2669
2670
2671
2672
2672
2674
2674
2675
2676
2676
2677
2677
2678
2679
2680
2680
2681
2681
2681
2684
2685
2686
2686
2688
2688
2689
2691
2691
2691
2693
2695
2697
2697
2698
2702
2704
2706
2709
2710
2712
2712
2712
2714
2714
2715
2718
2719
2719
2721
2721
2723
2723
2724
2724
2724
2724
2725
2726
2727
2728
2729
2730
2730
2732
2733
2733
2736
2737
2738
2738
2739
2742
2742
2746
2746
2747
2747
2748
2748
2749
2750
2752
2755
2756
2757
2758
2759
2760
2762
2763
2763
2763
2764
2764
2764
2765
2766
2769
2771
2771
2772
2772
2773
2774
2776
2777
2777
2777
2778
2778
2778
2779
2779
2780
2780
2782
2782
2782
2784
2784
2786
2786
2787
2787
2789
2791
2792
2792
2793
2794
2795
2798
2798
2799
2799
2800
2800
2802
2803
2805
2807
2807
2810
2810
2812
2815
2815
2816
2817
2818
2818
2819
2819
2822
2824
2825
2826
2827
2828
2828
2828
2828
2829
2833
2833
2834
2835
2836
2836
2836
2837
2840
2840
2840
2841
2846
2847
2848
2849
2849
2849
2850
2850
2851
2852
2852
2853
2854
2855
2855
2857
2858
2860
2861
2862
2863
2864
2865
2866
2870
2871
2872
2875
2875
2877
2877
2879
2881
2881
2882
2882
2883
2884
2884
2884
2885
2886
2887
2889
2889
2890
2891
2893
2893
2896
2898
2898
2900
2900
2900
2901
2901
2901
2901
2901
2902
2903
2904
2905
2905
2906
2906
2906
2906
2907
2907
2908
2908
2911
2912
2913
2914
2914
2915
2916
2917
2918
2920
2921
2925
2926
2927
2931
2934
2936
2937
2937
2938
2939
2940
2940
2941
2944
2945
2947
2949
2949
2951
2952
2952
2953
2953
2955
2955
2955
2956
2956
2957
2957
2959
2960
2961
2962
2962
2965
2965
2969
2970
2971
2971
2972
2972
2972
2973
2974
2974
2975
2975
2975
2982
2984
2985
2985
2985
2986
2987
2987
2987
2989
2989
2993
2995
2996
2999
3000
3001
3001
3001
3002
3002
3002
3003
3003
3006
3007
3007
3008
3009
3010
3010
3010
3011
3012
3013
3013
3013
3014
3014
3015
3015
3016
3016
3020
3021
3021
3021
3024
3025
3025
3026
3026
3030
3030
3031
3031
3032
3033
3033
3033
3035
3035
3037
3039
3039
3040
3041
3041
3044
3044
3044
3045
3047
3049
3051
3052
3053
3054
3054
3055
3055
3055
3058
3059
3059
3060
3060
3061
3061
3062
3062
3063
3066
3067
3067
3070
3072
3072
3072
3073
3075
3075
3076
3076
3077
3079
3081
3082
3082
3082
3083
3083
3083
3086
3091
3091
3092
3092
3093
3094
3094
3094
3095
3096
3096
3099
3101
3102
3102
3103
3105
3107
3108
3109
3109
3110
3111
3113
3114
3116
3117
3119
3120
3121
3121
3121
3123
3125
3127
3129
3131
3131
3132
3132
3133
3133
3135
3136
3137
3137
3137
3138
3138
3140
3141
3141
3142
3142
3142
3142
3143
3144
3149
3149
3150
3150
3150
3150
3151
3152
3153
3154
3154
3154
3156
3159
3162
3163
3165
3166
3167
3168
3169
3169
3170
3172
3173
3173
3175
3175
3178
3179
3181
3181
3181
3182
3183
3183
3184
3185
3187
3187
3187
3188
3190
3190
3191
3192
3197
3198
3199
3200
3202
3203
3204
3204
3205
3206
3207
3207
3207
3210
3210
3211
3211
3212
3213
3213
3215
3215
3218
3218
3218
3219
3219
3221
3223
3223
3227
3229
3229
3229
3229
3230
3230
3231
3232
3232
3235
3237
3238
3239
3242
3242
3243
3243
3244
3245
3245
3246
3247
3247
3247
3248
3250
3250
3252
3252
3253
3253
3253
3254
3256
3257
3257
3258
3258
3258
3258
3259
3259
3259
3261
3261
3261
3262
3262
3264
3264
3265
3265
3266
3268
3269
3270
3272
3273
3275
3278
3280
3280
3281
3283
3283
3283
3286
3287
3290
3291
3291
3291
3293
3300
3301
3303
3305
3305
3307
3307
3309
3310
3311
3314
3316
3317
3317
3317
3319
3319
3319
3320
3320
3324
3325
3326
3327
3327
3327
3327
3330
3331
3332
3333
3333
3333
3334
3336
3337
3337
3338
3341
3341
3343
3345
3345
3345
3346
3346
3347
3347
3347
3348
3349
3350
3351
3351
3352
3354
3354
3354
3363
3364
3364
3364
3365
3365
3368
3368
3370
3370
3371
3371
3375
3376
3376
3376
3377
3379
3384
3384
3385
3386
3387
3390
3390
3391
3391
3391
3393
3393
3394
3395
3396
3399
3400
3400
3400
3401
3402
3403
3404
3404
3404
3405
3405
3406
3406
3407
3408
3409
3410
3415
3415
3416
3416
3417
3418
3419
3422
3422
3422
3422
3422
3422
3422
3423
3424
3425
3426
3427
3428
3432
3433
3433
3434
3434
3435
3435
3437
3438
3439
3439
3440
3441
3442
3443
3443
3443
3445
3445
3448
3451
3452
3453
3453
3456
3457
3458
3459
3459
3463
3463
3463
3469
3471
3471
3476
3476
3479
3479
3480
3481
3482
3482
3482
3485
3488
3488
3488
3489
3489
3492
3494
3495
3495
3495
3495
3500
3502
3504
3505
3506
3508
3509
3509
3509
3510
3511
3511
3514
3517
3522
3524
3524
3527
3527
3528
3530
3530
3532
3533
3535
3536
3537
3538
3539
3549
3549
3551
3551
3551
3552
3553
3554
3556
3557
3558
3559
3559
3560
3560
3562
3564
3565
3565
3567
3567
3568
3568
3568
3570
3570
3570
3570
3570
3571
3571
3572
3572
3573
3573
3574
3575
3576
3577
3578
3578
3579
3579
3579
3582
3584
3584
3584
3586
3589
3590
3591
3592
3593
3597
3598
3600
3601
3602
3604
3605
3605
3605
3606
3611
3616
3616
3616
3617
3617
3617
3618
3618
3618
3619
3620
3620
3624
3624
3626
3628
3629
3630
3630
3630
3633
3634
3635
3635
3635
3636
3636
3636
3637
3637
3637
3637
3640
3642
3643
3644
3646
3647
3648
3648
3649
3649
3649
3650
3651
3652
3653
3654
3654
3655
3655
3657
3658
3661
3661
3662
3662
3663
3664
3665
3665
3665
3666
3667
3667
3669
3672
3672
3672
3673
3676
3676
3678
3679
3680
3681
3681
3682
3683
3683
3684
3685
3685
3685
3687
3687
3687
3687
3687
3688
3689
3689
3689
3689
3692
3692
3695
3695
3697
3697
3698
3698
3700
3700
3702
3702
3703
3703
3704
3704
3708
3710
3711
3712
3713
3715
3716
3716
3719
3719
3720
3721
3721
3721
3725
3725
3726
3727
3727
3727
3728
3728
3729
3729
3732
3732
3733
3733
3734
3737
3739
3740
3741
3741
3742
3744
3744
3746
3746
3746
3746
3749
3749
3749
3750
3752
3752
3753
3754
3759
3759
3760
3760
3762
3762
3766
3766
3766
3766
3766
3770
3771
3771
3772
3773
3775
3777
3778
3780
3781
3782
3783
3784
3784
3785
3787
3787
3787
3788
3789
3792
3795
3796
3796
3797
3797
3798
3800
3803
3804
3804
3806
3807
3809
3810
3810
3811
3811
3812
3813
3813
3815
3817
3817
3818
3819
3821
3822
3822
3822
3824
3824
3824
3825
3826
3827
3827
3828
3829
3830
3831
3831
3833
3833
3834
3834
3834
3834
3835
3835
3836
3836
3837
3839
3840
3841
3842
3845
3846
3846
3846
3846
3846
3846
3848
3848
3849
3849
3850
3850
3850
3850
3851
3852
3852
3853
3853
3854
3854
3854
3855
3856
3856
3859
3859
3859
3860
3860
3860
3862
3863
3863
3866
3869
3870
3870
3871
3873
3878
3879
3880
3881
3883
3884
3884
3885
3885
3885
3887
3887
3888
3890
3891
3891
3894
3894
3896
3899
3902
3902
3902
3903
3903
3906
3906
3907
3910
3910
3910
3911
3912
3912
3914
3916
3917
3918
3918
3919
3922
3922
3922
3924
3924
3924
3925
3925
3925
3926
3926
3927
3928
3928
3929
3930
3930
3930
3932
3936
3937
3937
3941
3941
3942
3943
3948
3950
3951
3951
3952
3952
3953
3954
3955
3958
3959
3959
3962
3964
3969
3971
3972
3973
3974
3975
3977
3977
3978
3979
3979
3980
3981
3982
3983
3984
3985
3986
3987
3987
3987
3988
3989
3992
3994
3994
3995
3997
3997
4001
4002
4004
4008
4008
4008
4009
4009
4014
4015
4016
4017
4019
4019
4020
4021
4021
4022
4022
4023
4025
4026
4028
4028
4029
4029
4029
4030
4030
4031
4034
4035
4037
4037
4041
4042
4044
4046
4047
4047
4048
4048
4049
4050
4052
4052
4053
4053
4055
4055
4055
4056
4056
4056
4058
4059
4060
4060
4060
4060
4061
4061
4062
4063
4064
4064
4065
4066
4067
4067
4068
4068
4068
4069
4072
4073
4076
4077
4077
4077
4077
4078
4078
4078
4087
4088
4090
4091
4092
4092
4093
4093
4094
4095
4095
4096
4096
4096
4096
4099
4102
4103
4105
4105
4106
4106
4107
4107
4108
4108
4109
4110
4110
4112
4113
4114
4116
4116
4116
4117
4118
4121
4121
4125
4126
4127
4128
4128
4129
4129
4130
4131
4132
4133
4133
4133
4134
4134
4135
4138
4138
4140
4140
4142
4143
4143
4145
4145
4146
4148
4149
4151
4151
4154
4154
4156
4156
4157
4157
4157
4160
4161
4165
4166
4167
4171
4171
4171
4172
4172
4174
4175
4176
4176
4177
4177
4178
4180
4182
4182
4183
4184
4187
4187
4189
4190
4191
4192
4192
4194
4195
4196
4197
4197
4198
4198
4199
4199
4200
4202
4204
4204
4205
4205
4208
4208
4211
4212
4213
4213
4215
4216
4217
4217
4218
4218
4219
4220
4221
4224
4227
4227
4230
4231
4232
4237
4237
4238
4241
4244
4244
4245
4246
4247
4251
4251
4252
4252
4252
4253
4253
4255
4255
4256
4257
4257
4258
4258
4258
4260
4261
4261
4262
4262
4263
4264
4265
4267
4267
4268
4269
4270
4270
4270
4271
4271
4272
4273
4274
4274
4276
4277
4277
4280
4280
4280
4281
4281
4281
4281
4282
4283
4285
4286
4287
4289
4292
4294
4295
4296
4297
4297
4298
4298
4301
4302
4302
4303
4305
4305
4306
4306
4308
4308
4310
4310
4311
4313
4313
4315
4316
4316
4316
4318
4318
4319
4320
4321
4321
4323
4324
4324
4325
4326
4326
4326
4327
4327
4328
4329
4331
4332
4332
4332
4332
4333
4333
4334
4334
4337
4338
4339
4339
4339
4342
4346
4346
4348
4350
4351
4352
4353
4354
4354
4356
4356
4357
4357
4357
4362
4363
4365
4366
4366
4367
4367
4367
4368
4370
4372
4373
4373
4377
4378
4381
4382
4383
4384
4385
4385
4386
4386
4387
4389
4390
4390
4391
4391
4394
4395
4395
4396
4399
4399
4399
4399
4399
4400
4400
4400
4401
4401
4401
4402
4402
4403
4404
4405
4405
4406
4406
4407
4408
4409
4410
4411
4412
4412
4413
4414
4415
4416
4416
4416
4417
4417
4418
4418
4419
4419
4420
4422
4422
4422
4423
4423
4425
4425
4425
4425
4428
4428
4429
4429
4429
4434
4435
4437
4437
4440
4440
4442
4443
4445
4446
4447
4448
4450
4450
4450
4452
4454
4455
4457
4457
4457
4458
4460
4462
4463
4464
4465
4465
4466
4467
4468
4468
4469
4469
4470
4470
4471
4471
4473
4473
4473
4475
4475
4475
4476
4476
4477
4478
4480
4481
4481
4484
4484
4484
4486
4486
4486
4487
4488
4489
4490
4490
4491
4491
4493
4493
4494
4495
4496
4496
4497
4501
4502
4502
4503
4504
4504
4506
4510
4510
4510
4511
4512
4512
4513
4513
4514
4515
4515
4517
4517
4521
4521
4522
4523
4524
4525
4525
4526
4526
4527
4531
4532
4533
4535
4537
4538
4540
4540
4542
4544
4544
4546
4547
4548
4548
4548
4550
4550
4551
4552
4553
4553
4554
4554
4557
4559
4559
4561
4562
4567
4568
4568
4569
4569
4570
4573
4573
4574
4574
4575
4575
4576
4577
4578
4578
4579
4579
4580
4580
4581
4582
4583
4583
4584
4586
4586
4588
4589
4590
4590
4591
4591
4593
4593
4593
4593
4594
4595
4595
4595
4596
4597
4597
4599
4599
4600
4600
4602
4602
4603
4603
4605
4605
4606
4607
4607
4609
4615
4615
4616
4616
4617
4617
4618
4620
4622
4622
4624
4625
4627
4627
4628
4629
4629
4629
4631
4631
4632
4632
4634
4635
4636
4636
4637
4637
4638
4638
4639
4639
4639
4639
4640
4641
4644
4647
4648
4649
4649
4651
4651
4651
4652
4652
4652
4653
4654
4656
4657
4659
4659
4659
4659
4660
4662
4662
4664
4664
4669
4669
4669
4670
4670
4671
4671
4672
4673
4674
4676
4677
4678
4680
4680
4684
4685
4685
4686
4686
4687
4689
4689
4689
4689
4689
4691
4692
4692
4693
4694
4695
4695
4696
4698
4701
4701
4704
4704
4704
4704
4705
4705
4706
4707
4707
4708
4710
4711
4715
4717
4717
4718
4720
4720
4721
4722
4728
4728
4729
4733
4736
4738
4742
4744
4746
4747
4747
4748
4749
4749
4750
4750
4753
4754
4755
4756
4756
4756
4756
4759
4759
4760
4760
4761
4762
4762
4762
4763
4763
4764
4764
4766
4767
4767
4767
4767
4767
4768
4770
4771
4771
4774
4776
4778
4778
4780
4780
4780
4781
4783
4783
4783
4785
4786
4787
4788
4788
4788
4789
4789
4790
4791
4792
4793
4793
4795
4795
4796
4796
4797
4798
4799
4801
4802
4803
4803
4805
4807
4807
4807
4808
4809
4810
4811
4812
4813
4814
4814
4815
4815
4815
4816
4816
4821
4821
4822
4823
4824
4824
4824
4825
4826
4827
4829
4831
4832
4835
4835
4836
4838
4838
4839
4839
4841
4846
4846
4847
4847
4849
4849
4851
4851
4851
4852
4853
4854
4855
4858
4859
4859
4861
4861
4863
4864
4864
4865
4866
4867
4869
4869
4869
4871
4871
4872
4872
4872
4875
4875
4876
4876
4880
4880
4881
4881
4881
4882
4883
4883
4885
4885
4886
4886
4887
4887
4887
4888
4889
4890
4892
4893
4896
4897
4897
4898
4898
4900
4901
4901
4902
4902
4903
4905
4906
4906
4907
4907
4908
4908
4909
4909
4910
4910
4911
4912
4913
4913
4914
4916
4916
4918
4919
4919
4919
4919
4920
4920
4921
4922
4922
4924
4924
4924
4926
4926
4928
4928
4928
4931
4931
4932
4933
4935
4935
4936
4936
4937
4937
4939
4940
4941
4941
4942
4942
4943
4946
4947
4947
4948
4949
4951
4951
4954
4956
4957
4958
4958
4958
4958
4960
4961
4961
4961
4962
4962
4965
4965
4965
4965
4966
4966
4969
4972
4972
4973
4974
4974
4975
4975
4976
4976
4977
4977
4978
4980
4980
4984
4984
4986
4986
4987
4988
4988
4988
4989
4989
4990
4990
4990
4995
4995
4996
4997
4998
4998
5002
5003
5003
5003
5003
5004
5006
5006
5006
5007
5008
5010
5014
5014
5016
5016
5020
5020
5023
5023
5025
5028
5028
5029
5030
5030
5033
5034
5034
5036
5036
5038
5039
5039
5040
5040
5042
5043
5044
5044
5046
5047
5048
5049
5049
5050
5050
5051
5053
5053
5054
5055
5056
5057
5057
5059
5061
5063
5063
5064
5066
5067
5068
5069
5069
5069
5069
5071
5071
5074
5074
5074
5074
5075
5076
5077
5078
5080
5080
5083
5083
5083
5084
5084
5085
5086
5087
5087
5087
5088
5090
5090
5091
5091
5092
5092
5093
5093
5094
5095
5096
5096
5096
5097
5098
5099
5099
5100
5100
5102
5103
5104
5110
5111
5112
5113
5114
5114
5114
5115
5115
5115
5116
5116
5117
5117
5117
5119
5119
5120
5120
5121
5124
5124
5124
5124
5124
5127
5127
5127
5128
5129
5131
5131
5133
5135
5135
5135
5135
5137
5138
5140
5141
5141
5143
5143
5144
5144
5145
5149
5149
5150
5150
5151
5152
5152
5153
5153
5154
5154
5154
5156
5156
5158
5158
5158
5159
5161
5161
5162
5164
5164
5164
5165
5166
5167
5168
5169
5169
5169
5171
5171
5171
5171
5172
5173
5174
5174
5175
5177
5179
5183
5185
5185
5187
5187
5188
5189
5189
5191
5191
5192
5192
5192
5195
5196
5198
5198
5199
5199
5199
5199
5201
5202
5202
5202
5203
5206
5206
5207
5207
5207
5209
5210
5210
5213
5214
5215
5216
5219
5219
5220
5220
5221
5222
5222
5223
5223
5223
5224
5226
5227
5227
5228
5231
5232
5234
5237
5238
5240
5243
5243
5245
5245
5246
5247
5251
5251
5253
5255
5255
5256
5256
5256
5258
5258
5260
5261
5264
5265
5265
5271
5274
5275
5275
5275
5276
5276
5276
5276
5279
5279
5279
5280
5280
5284
5285
5286
5291
5292
5292
5293
5293
5294
5294
5294
5295
5295
5295
5297
5298
5299
5299
5300
5301
5302
5303
5304
5304
5305
5305
5308
5310
5314
5314
5315
5315
5316
5316
5318
5319
5320
5322
5323
5324
5326
5327
5330
5334
5334
5336
5337
5337
5337
5337
5340
5340
5340
5340
5342
5345
5345
5345
5346
5346
5347
5350
5351
5351
5351
5354
5355
5355
5358
5358
5360
5361
5362
5362
5363
5365
5365
5366
5367
5369
5370
5370
5370
5371
5375
5375
5376
5378
5379
5379
5379
5379
5379
5380
5381
5382
5382
5383
5385
5385
5385
5388
5388
5390
5392
5392
5392
5394
5396
5397
5397
5397
5399
5400
5402
5402
5404
5404
5404
5405
5405
5406
5406
5408
5409
5409
5411
5414
5417
5418
5419
5420
5422
5422
5426
5427
5427
5428
5429
5430
5430
5431
5433
5433
5435
5435
5441
5444
5445
5446
5449
5449
5449
5452
5452
5454
5456
5458
5458
5458
5458
5459
5462
5462
5462
5462
5463
5464
5465
5465
5466
5466
5467
5468
5468
5469
5469
5470
5470
5471
5472
5472
5474
5475
5476
5476
5477
5477
5481
5482
5482
5482
5483
5485
5486
5488
5489
5489
5491
5492
5493
5493
5494
5494
5495
5495
5496
5496
5498
5500
5500
5501
5503
5504
5505
5507
5508
5508
5508
5510
5513
5514
5514
5514
5516
5516
5517
5518
5518
5520
5521
5522
5522
5524
5525
5526
5526
5527
5529
5529
5530
5532
5533
5534
5535
5535
5537
5538
5538
5539
5540
5541
5542
5542
5544
5545
5550
5551
5552
5553
5553
5554
5554
5555
5556
5556
5559
5559
5560
5561
5562
5564
5564
5570
5572
5575
5575
5576
5577
5579
5579
5580
5580
5580
5581
5583
5583
5584
5585
5585
5585
5586
5587
5587
5587
5588
5588
5590
5590
5590
5592
5593
5594
5595
5598
5600
5600
5601
5601
5601
5602
5602
5604
5604
5604
5605
5605
5608
5610
5610
5612
5612
5613
5613
5613
5617
5617
5618
5618
5620
5621
5621
5623
5624
5625
5625
5626
5627
5629
5630
5633
5635
5636
5639
5641
5643
5644
5644
5645
5645
5645
5650
5651
5652
5653
5653
5653
5653
5654
5655
5656
5657
5657
5659
5660
5662
5663
5663
5663
5665
5665
5666
5667
5668
5669
5670
5670
5670
5671
5673
5679
5680
5681
5682
5683
5683
5683
5685
5686
5687
5687
5687
5689
5690
5692
5693
5695
5695
5695
5696
5697
5699
5699
5700
5700
5701
5703
5703
5704
5704
5707
5707
5708
5708
5711
5713
5716
5716
5718
5719
5719
5719
5721
5722
5726
5728
5728
5729
5730
5730
5732
5734
5735
5735
5736
5738
5738
5739
5740
5740
5741
5743
5744
5745
5746
5746
5747
5750
5753
5754
5755
5757
5757
5758
5761
5761
5762
5762
5762
5762
5763
5764
5764
5766
5767
5767
5767
5768
5769
5770
5770
5772
5773
5773
5773
5775
5775
5783
5785
5786
5787
5787
5789
5789
5790
5791
5791
5792
5792
5793
5793
5793
5794
5794
5794
5795
5799
5799
5800
5801
5801
5801
5801
5805
5806
5806
5807
5807
5808
5810
5812
5812
5812
5813
5813
5813
5816
5816
5816
5818
5818
5818
5820
5821
5821
5822
5823
5823
5824
5825
5825
5825
5828
5828
5828
5828
5829
5829
5830
5831
5831
5832
5834
5836
5838
5838
5839
5840
5841
5841
5843
5845
5845
5846
5846
5850
5851
5852
5854
5854
5855
5857
5859
5859
5860
5861
5863
5863
5865
5866
5867
5869
5870
5870
5871
5871
5872
5872
5873
5873
5873
5873
5874
5874
5875
5877
5877
5877
5877
5878
5880
5881
5882
5883
5883
5883
5884
5886
5886
5886
5887
5891
5891
5892
5893
5893
5893
5894
5894
5897
5899
5900
5900
5901
5904
5904
5905
5907
5909
5910
5912
5912
5915
5915
5916
5918
5918
5918
5921
5921
5921
5921
5923
5923
5923
5924
5925
5925
5926
5927
5927
5928
5928
5928
5928
5929
5930
5931
5932
5934
5936
5941
5943
5943
5944
5944
5944
5945
5946
5946
5949
5951
5953
5954
5954
5955
5956
5956
5959
5959
5965
5965
5966
5967
5969
5971
5972
5974
5974
5978
5978
5980
5981
5981
5983
5983
5987
5988
5989
5994
5997
5998
5999
6002
6002
6003
6003
6005
6005
6007
6008
6009
6011
6012
6013
6013
6014
6017
6018
6020
6022
6023
6023
6024
6026
6029
6029
6031
6031
6033
6033
6033
6034
6034
6035
6036
6037
6037
6040
6045
6045
6046
6047
6047
6049
6049
6049
6049
6052
6054
6054
6055
6058
6059
6059
6060
6061
6061
6062
6065
6066
6066
6068
6068
6068
6069
6072
6073
6075
6075
6075
6077
6077
6077
6078
6079
6082
6082
6083
6083
6084
6084
6084
6085
6085
6086
6086
6087
6090
6090
6092
6093
6094
6095
6096
6097
6098
6102
6103
6105
6107
6107
6107
6109
6110
6115
6115
6116
6116
6117
6118
6120
6120
6121
6123
6125
6126
6126
6126
6126
6127
6128
6129
6130
6132
6132
6134
6136
6137
6138
6138
6141
6144
6144
6145
6145
6147
6147
6148
6148
6148
6149
6149
6149
6149
6149
6152
6153
6153
6153
6154
6155
6156
6157
6157
6158
6158
6162
6163
6163
6164
6165
6165
6168
6169
6170
6170
6172
6173
6173
6174
6174
6176
6178
6179
6179
6180
6180
6182
6184
6184
6184
6185
6185
6187
6187
6188
6189
6192
6193
6193
6193
6193
6194
6195
6196
6197
6198
6199
6200
6201
6202
6202
6202
6203
6204
6204
6205
6208
6209
6211
6212
6213
6214
6216
6217
6217
6217
6218
6220
6220
6221
6221
6223
6223
6223
6224
6224
6224
6225
6226
6226
6226
6229
6229
6231
6232
6233
6234
6236
6236
6238
6238
6238
6240
6241
6242
6244
6245
6251
6253
6254
6254
6255
6256
6257
6257
6258
6258
6258
6259
6261
6262
6262
6262
6264
6264
6265
6265
6266
6266
6267
6269
6269
6270
6272
6273
6274
6274
6275
6278
6278
6278
6278
6279
6279
6287
6288
6289
6291
6291
6291
6291
6291
6293
6295
6295
6295
6296
6297
6299
6300
6301
6303
6303
6307
6308
6309
6311
6312
6312
6312
6313
6314
6316
6316
6318
6318
6319
6319
6319
6321
6322
6323
6323
6323
6324
6327
6329
6333
6333
6333
6336
6336
6336
6338
6339
6340
6340
6342
6342
6342
6343
6343
6348
6348
6348
6350
6351
6351
6354
6355
6356
6356
6356
6357
6358
6358
6359
6361
6363
6365
6365
6368
6368
6368
6371
6371
6372
6373
6373
6378
6378
6380
6382
6382
6384
6385
6385
6385
6387
6388
6388
6388
6389
6390
6390
6391
6393
6393
6393
6393
6394
6398
6400
6401
6401
6401
6402
6402
6402
6403
6403
6404
6404
6406
6407
6408
6408
6410
6413
6415
6417
6417
6418
6419
6419
6419
6420
6421
6423
6424
6424
6425
6427
6427
6428
6428
6428
6430
6431
6432
6432
6433
6435
6435
6439
6439
6440
6442
6445
6445
6446
6446
6447
6448
6449
6450
6450
6451
6452
6453
6454
6455
6457
6457
6457
6458
6458
6458
6459
6460
6460
6460
6461
6461
6461
6462
6462
6462
6464
6464
6464
6468
6468
6469
6469
6470
6470
6471
6472
6474
6475
6476
6476
6476
6477
6477
6478
6478
6480
6480
6484
6485
6486
6488
6488
6490
6491
6492
6493
6494
6494
6494
6495
6496
6497
6497
6499
6501
6501
6502
6509
6509
6512
6512
6512
6513
6514
6515
6515
6515
6517
6518
6518
6518
6519
6520
6521
6522
6522
6527
6527
6528
6528
6529
6530
6531
6531
6532
6533
6534
6534
6535
6535
6537
6538
6539
6539
6539
6539
6540
6541
6541
6542
6544
6544
6548
6548
6550
6550
6551
6553
6554
6554
6555
6555
6556
6558
6560
6560
6561
6562
6562
6564
6566
6566
6567
6569
6571
6572
6572
6573
6574
6575
6577
6578
6580
6581
6582
6583
6583
6583
6583
6584
6586
6586
6587
6587
6588
6588
6589
6589
6589
6591
6592
6592
6594
6594
6595
6595
6596
6598
6598
6599
6602
6603
6604
6604
6605
6605
6606
6607
6607
6609
6610
6611
6613
6614
6614
6615
6615
6617
6619
6619
6619
6620
6621
6622
6622
6624
6625
6629
6632
6632
6635
6635
6637
6637
6638
6638
6638
6640
6640
6641
6642
6644
6649
6649
6653
6654
6656
6657
6659
6660
6660
6661
6662
6662
6664
6671
6671
6672
6672
6672
6672
6672
6675
6677
6681
6684
6684
6684
6687
6687
6687
6687
6689
6692
6692
6693
6694
6695
6696
6697
6697
6698
6698
6700
6700
6703
6704
6706
6706
6706
6706
6706
6707
6708
6708
6708
6709
6709
6709
6713
6713
6714
6715
6718
6718
6719
6720
6720
6721
6722
6723
6726
6727
6728
6730
6730
6731
6733
6734
6735
6736
6736
6736
6737
6737
6741
6744
6744
6747
6748
6749
6750
6752
6752
6753
6753
6754
6754
6754
6756
6756
6756
6756
6757
6757
6758
6758
6758
6759
6760
6761
6761
6762
6763
6764
6764
6764
6765
6766
6767
6767
6768
6772
6774
6775
6778
6778
6781
6785
6786
6787
6788
6790
6791
6791
6792
6792
6792
6797
6798
6798
6799
6802
6802
6802
6804
6806
6806
6806
6808
6810
6812
6813
6814
6815
6817
6817
6817
6819
6821
6823
6824
6824
6824
6826
6826
6827
6829
6830
6831
6832
6833
6833
6833
6835
6836
6836
6838
6839
6841
6841
6841
6843
6846
6846
6846
6849
6851
6852
6854
6854
6854
6856
6856
6857
6858
6861
6861
6863
6866
6867
6868
6868
6868
6871
6872
6872
6873
6875
6875
6875
6875
6876
6877
6877
6878
6878
6879
6879
6880
6881
6881
6882
6882
6883
6886
6886
6886
6888
6889
6892
6894
6895
6895
6897
6898
6899
6900
6900
6901
6902
6904
6905
6910
6911
6913
6914
6916
6918
6918
6919
6922
6922
6923
6924
6926
6926
6926
6927
6927
6927
6929
6931
6933
6933
6934
6938
6940
6941
6943
6943
6944
6944
6945
6945
6947
6948
6948
6948
6950
6952
6953
6954
6954
6954
6955
6957
6957
6959
6961
6961
6963
6965
6965
6965
6966
6966
6971
6973
6973
6976
6976
6976
6978
6979
6979
6980
6981
6981
6983
6984
6984
6986
6987
6988
6988
6988
6991
6991
6991
6992
6993
6993
6994
6994
6995
6995
6995
6995
6999
7001
7001
7003
7003
7004
7005
7008
7009
7010
7011
7012
7012
7016
7016
7016
7016
7018
7018
7019
7020
7020
7021
7024
7024
7025
7025
7026
7026
7026
7028
7029
7029
7030
7030
7034
7036
7036
7039
7039
7041
7041
7042
7043
7043
7044
7045
7045
7045
7046
7046
7047
7048
7050
7051
7051
7054
7054
7055
7056
7056
7057
7060
7060
7060
7060
7060
7061
7061
7063
7064
7067
7068
7069
7071
7073
7073
7075
7077
7079
7080
7080
7081
7081
7082
7083
7085
7086
7086
7087
7088
7089
7090
7092
7094
7096
7097
7098
7099
7099
7100
7100
7100
7100
7101
7101
7102
7105
7105
7106
7108
7110
7113
7114
7115
7115
7115
7115
7115
7116
7116
7116
7117
7117
7119
7119
7122
7122
7122
7125
7127
7127
7128
7131
7132
7133
7134
7135
7136
7137
7139
7140
7141
7142
7143
7143
7145
7146
7148
7148
7148
7150
7150
7151
7152
7156
7156
7159
7159
7163
7163
7165
7166
7167
7167
7167
7167
7168
7168
7169
7170
7171
7172
7173
7176
7177
7177
7179
7179
7180
7181
7181
7183
7184
7185
7187
7188
7189
7189
7190
7191
7194
7194
7195
7197
7197
7198
7200
7203
7204
7205
7208
7208
7209
7210
7212
7212
7214
7214
7215
7216
7217
7217
7218
7218
7220
7221
7222
7223
7223
7223
7224
7224
7225
7225
7225
7228
7229
7230
7230
7230
7230
7230
7232
7234
7235
7237
7238
7238
7241
7241
7241
7241
7242
7243
7244
7244
7245
7246
7247
7248
7248
7248
7248
7249
7250
7251
7255
7256
7257
7258
7261
7261
7262
7262
7264
7266
7267
7268
7269
7271
7273
7274
7275
7275
7276
7276
7276
7277
7277
7277
7278
7279
7281
7284
7285
7288
7289
7290
7291
7292
7294
7296
7296
7297
7299
7299
7300
7300
7301
7303
7303
7303
7304
7306
7308
7309
7310
7310
7310
7312
7313
7314
7316
7316
7318
7319
7321
7322
7322
7322
7323
7323
7325
7325
7325
7326
7326
7328
7329
7329
7330
7333
7334
7335
7339
7339
7343
7344
7346
7348
7349
7352
7353
7353
7353
7353
7355
7355
7355
7355
7356
7358
7359
7359
7361
7362
7364
7365
7366
7367
7368
7368
7372
7372
7374
7374
7375
7377
7378
7378
7379
7380
7381
7381
7381
7382
7383
7385
7386
7388
7388
7389
7390
7390
7391
7392
7392
7392
7394
7396
7398
7398
7398
7399
7399
7399
7401
7401
7402
7404
7404
7410
7411
7411
7411
7412
7412
7413
7415
7418
7419
7420
7421
7422
7423
7425
7425
7427
7428
7428
7430
7433
7433
7434
7434
7435
7435
7436
7437
7438
7438
7440
7440
7445
7449
7450
7451
7451
7451
7451
7452
7452
7452
7453
7454
7454
7455
7456
7458
7459
7459
7460
7461
7461
7463
7465
7467
7467
7467
7467
7468
7468
7470
7470
7472
7473
7473
7474
7476
7477
7477
7479
7480
7480
7480
7481
7482
7484
7485
7486
7487
7487
7487
7487
7487
7488
7490
7490
7490
7491
7491
7492
7493
7493
7494
7495
7495
7495
7496
7496
7497
7497
7499
7500
7500
7500
7501
7503
7505
7505
7505
7505
7506
7508
7508
7509
7509
7509
7509
7510
7511
7511
7512
7514
7514
7515
7515
7516
7517
7519
7519
7521
7522
7522
7523
7523
7524
7524
7524
7524
7526
7527
7527
7529
7529
7531
7532
7534
7535
7536
7536
7537
7538
7539
7540
7545
7546
7546
7547
7547
7550
7550
7551
7551
7553
7554
7554
7554
7554
7556
7557
7557
7558
7560
7560
7561
7562
7562
7565
7565
7566
7568
7570
7571
7572
7573
7575
7576
7576
7576
7576
7577
7580
7581
7582
7583
7584
7586
7587
7587
7589
7590
7590
7592
7593
7594
7594
7595
7595
7596
7597
7599
7599
7600
7602
7604
7604
7605
7607
7607
7608
7608
7609
7610
7610
7611
7611
7612
7613
7614
7614
7616
7617
7617
7619
7620
7621
7622
7623
7625
7626
7626
7628
7629
7630
7631
7631
7632
7632
7633
7634
7637
7637
7638
7638
7639
7640
7641
7642
7643
7647
7648
7648
7648
7653
7655
7655
7656
7657
7657
7658
7658
7660
7660
7660
7661
7661
7661
7664
7664
7664
7665
7665
7665
7668
7668
7669
7669
7673
7675
7677
7677
7678
7679
7680
7680
7681
7682
7688
7689
7692
7693
7695
7697
7697
7698
7698
7701
7702
7702
7703
7703
7704
7704
7707
7707
7708
7711
7712
7712
7715
7717
7718
7720
7720
7721
7722
7722
7724
7727
7728
7728
7729
7729
7730
7731
7731
7731
7732
7732
7733
7733
7736
7736
7736
7736
7736
7737
7737
7741
7741
7742
7743
7745
7745
7745
7746
7747
7750
7750
7750
7752
7753
7756
7758
7758
7758
7759
7759
7761
7761
7762
7764
7765
7766
7767
7767
7767
7772
7774
7776
7777
7779
7779
7780
7781
7782
7783
7783
7785
7786
7787
7790
7790
7790
7791
7792
7794
7795
7796
7796
7797
7798
7798
7801
7801
7802
7802
7802
7805
7809
7811
7812
7813
7816
7817
7818
7819
7819
7819
7821
7821
7822
7823
7824
7826
7828
7828
7833
7834
7835
7836
7837
7839
7841
7842
7842
7843
7843
7849
7850
7854
7854
7856
7857
7858
7858
7858
7862
7864
7866
7868
7869
7869
7870
7871
7871
7872
7872
7872
7875
7875
7875
7877
7879
7880
7881
7882
7883
7883
7885
7885
7887
7889
7889
7890
7891
7891
7892
7893
7894
7896
7897
7898
7899
7900
7905
7905
7905
7906
7907
7908
7908
7908
7909
7909
7911
7911
7911
7911
7913
7914
7915
7915
7918
7919
7919
7920
7921
7921
7921
7922
7923
7924
7927
7927
7927
7930
7931
7931
7931
7931
7932
7934
7936
7936
7937
7937
7943
7944
7944
7947
7950
7950
7952
7953
7953
7955
7955
7955
7957
7957
7962
7962
7962
7962
7963
7963
7963
7965
7967
7968
7970
7970
7971
7975
7976
7978
7979
7982
7982
7982
7984
7985
7985
7985
7985
7987
7987
7987
7987
7988
7990
7990
7993
7994
7998
7998
7999
7999
7999
8001
8001
8002
8003
8003
8004
8006
8006
8008
8008
8009
8010
8010
8010
8012
8014
8014
8015
8015
8015
8017
8018
8021
8022
8022
8023
8023
8024
8024
8025
8026
8026
8026
8029
8030
8031
8031
8031
8032
8033
8035
8037
8038
8039
8039
8039
8041
8042
8042
8042
8044
8045
8046
8049
8049
8050
8050
8055
8056
8056
8058
8058
8059
8059
8061
8062
8064
8064
8065
8066
8068
8069
8070
8074
8074
8074
8075
8075
8076
8076
8077
8077
8077
8079
8081
8081
8083
8085
8086
8087
8088
8089
8090
8090
8091
8091
8093
8093
8093
8096
8097
8098
8100
8100
8100
8101
8101
8102
8102
8103
8103
8106
8106
8109
8111
8112
8113
8114
8115
8115
8116
8116
8118
8118
8119
8119
8119
8120
8120
8120
8122
8122
8123
8123
8124
8124
8125
8125
8126
8128
8129
8129
8129
8131
8131
8132
8135
8136
8137
8139
8143
8143
8144
8146
8146
8147
8148
8149
8150
8151
8151
8151
8152
8154
8157
8160
8160
8161
8163
8164
8167
8169
8169
8169
8170
8170
8171
8172
8173
8173
8173
8175
8175
8178
8179
8180
8181
8181
8182
8185
8185
8185
8185
8186
8186
8189
8189
8190
8192
8194
8195
8198
8198
8199
8200
8200
8202
8202
8203
8203
8203
8203
8205
8205
8205
8206
8206
8208
8210
8210
8210
8210
8211
8212
8212
8212
8213
8213
8214
8214
8215
8215
8216
8218
8219
8219
8220
8222
8224
8224
8226
8227
8228
8230
8233
8235
8240
8240
8240
8240
8241
8242
8242
8243
8243
8244
8245
8246
8246
8247
8247
8247
8247
8248
8248
8248
8252
8253
8254
8255
8256
8257
8258
8259
8259
8261
8263
8264
8264
8265
8265
8265
8267
8267
8268
8269
8269
8269
8272
8272
8272
8273
8273
8274
8274
8274
8275
8276
8276
8277
8277
8278
8278
8279
8284
8287
8287
8291
8291
8292
8295
8295
8295
8297
8297
8298
8299
8299
8300
8301
8302
8302
8303
8304
8305
8305
8305
8309
8310
8311
8312
8312
8313
8316
8317
8317
8317
8318
8318
8319
8319
8321
8322
8322
8324
8324
8325
8326
8328
8330
8331
8335
8336
8338
8343
8344
8344
8345
8346
8347
8347
8347
8349
8349
8349
8350
8351
8351
8353
8353
8353
8353
8354
8356
8357
8358
8359
8359
8360
8360
8361
8363
8363
8363
8364
8364
8364
8364
8366
8367
8367
8367
8367
8368
8368
8368
8368
8369
8373
8373
8375
8376
8376
8377
8378
8379
8379
8381
8382
8382
8382
8382
8383
8385
8388
8388
8388
8389
8390
8391
8391
8392
8392
8392
8394
8396
8397
8398
8398
8400
8400
8401
8403
8403
8405
8405
8405
8406
8407
8407
8407
8408
8408
8408
8409
8411
8412
8412
8413
8413
8414
8414
8414
8414
8419
8420
8421
8421
8423
8425
8425
8428
8428
8428
8429
8430
8433
8434
8434
8434
8437
8437
8437
8437
8438
8439
8440
8441
8442
8442
8442
8442
8444
8448
8448
8449
8449
8449
8449
8450
8451
8451
8452
8453
8454
8454
8455
8456
8457
8458
8458
8459
8460
8460
8461
8462
8463
8464
8466
8467
8467
8468
8470
8471
8472
8472
8473
8478
8480
8481
8482
8483
8485
8485
8487
8487
8488
8489
8490
8490
8492
8494
8496
8496
8496
8498
8499
8502
8503
8503
8504
8506
8507
8508
8508
8509
8510
8511
8512
8513
8514
8516
8518
8519
8519
8519
8520
8523
8523
8524
8526
8527
8529
8529
8532
8532
8533
8535
8535
8536
8537
8537
8539
8539
8539
8540
8541
8542
8542
8542
8544
8544
8546
8548
8549
8549
8552
8552
8553
8553
8555
8558
8559
8562
8562
8563
8563
8563
8564
8564
8565
8565
8565
8566
8566
8567
8567
8569
8570
8571
8572
8573
8573
8575
8575
8579
8580
8582
8582
8583
8585
8586
8588
8592
8594
8594
8596
8598
8598
8598
8599
8600
8601
8602
8602
8602
8602
8602
8602
8602
8609
8610
8610
8614
8614
8615
8616
8616
8617
8617
8617
8617
8618
8618
8619
8619
8621
8622
8622
8623
8623
8623
8623
8624
8624
8625
8626
8627
8628
8630
8630
8631
8633
8634
8634
8636
8636
8636
8636
8638
8639
8639
8640
8640
8641
8643
8644
8645
8647
8649
8650
8651
8653
8654
8655
8657
8657
8658
8658
8658
8658
8658
8659
8664
8664
8665
8666
8666
8666
8667
8667
8667
8668
8669
8670
8670
8671
8671
8672
8674
8676
8676
8678
8679
8680
8681
8682
8682
8683
8688
8688
8690
8690
8692
8694
8695
8696
8697
8699
8700
8701
8702
8703
8705
8705
8705
8706
8707
8708
8709
8709
8709
8710
8711
8712
8712
8712
8713
8713
8715
8715
8716
8716
8719
8719
8719
8720
8721
8721
8721
8722
8723
8723
8725
8726
8726
8727
8727
8728
8728
8728
8731
8732
8735
8736
8738
8740
8744
8746
8747
8747
8749
8750
8751
8752
8753
8753
8753
8755
8757
8758
8758
8759
8760
8761
8764
8766
8767
8768
8768
8768
8770
8770
8771
8771
8773
8774
8774
8775
8775
8775
8777
8777
8777
8779
8779
8781
8781
8782
8784
8784
8784
8785
8785
8788
8788
8788
8789
8790
8792
8792
8792
8793
8794
8794
8794
8797
8798
8799
8799
8800
8801
8803
8803
8805
8805
8806
8806
8807
8807
8810
8813
8814
8814
8816
8816
8818
8818
8818
8819
8819
8819
8823
8823
8826
8826
8826
8827
8828
8828
8828
8830
8831
8831
8831
8834
8834
8835
8836
8836
8836
8837
8839
8840
8841
8843
8843
8847
8848
8851
8853
8854
8854
8854
8855
8855
8856
8857
8858
8860
8860
8860
8863
8863
8863
8863
8864
8865
8865
8867
8868
8868
8869
8870
8871
8871
8871
8871
8872
8874
8875
8879
8879
8879
8880
8880
8881
8885
8885
8887
8887
8887
8888
8889
8890
8890
8892
8892
8893
8893
8894
8895
8895
8895
8896
8899
8900
8901
8903
8905
8906
8907
8907
8908
8908
8908
8908
8910
8914
8916
8916
8916
8917
8919
8919
8920
8921
8922
8923
8924
8924
8925
8927
8928
8928
8928
8928
8928
8929
8929
8930
8930
8930
8930
8931
8933
8934
8936
8936
8936
8938
8939
8943
8943
8946
8947
8947
8950
8951
8952
8953
8953
8953
8954
8954
8956
8958
8959
8959
8961
8961
8962
8962
8964
8964
8965
8966
8967
8967
8967
8967
8968
8972
8973
8973
8975
8978
8981
8982
8982
8983
8984
8984
8986
8987
8987
8988
8993
8993
8993
8994
8995
8997
8997
8997
8997
8998
8999
9001
9001
9003
9005
9006
9007
9009
9010
9012
9012
9016
9018
9018
9023
9024
9024
9026
9026
9028
9028
9029
9029
9029
9030
9032
9033
9035
9035
9035
9035
9038
9038
9039
9040
9044
9044
9045
9046
9046
9049
9049
9049
9049
9050
9051
9051
9053
9053
9054
9056
9058
9058
9059
9061
9062
9062
9067
9067
9067
9067
9068
9068
9068
9069
9070
9073
9073
9075
9076
9077
9077
9078
9078
9080
9082
9082
9082
9083
9085
9087
9088
9088
9088
9088
9089
9090
9091
9092
9092
9093
9095
9095
9097
9097
9099
9100
9100
9101
9101
9101
9104
9104
9108
9109
9110
9111
9112
9113
9114
9114
9115
9115
9120
9122
9123
9124
9126
9127
9127
9127
9129
9132
9132
9133
9134
9134
9135
9136
9137
9137
9138
9139
9143
9143
9144
9144
9145
9146
9146
9146
9148
9149
9149
9149
9150
9151
9153
9153
9154
9154
9154
9155
9155
9157
9157
9160
9160
9161
9162
9162
9163
9164
9165
9167
9168
9169
9172
9172
9173
9175
9176
9176
9178
9181
9182
9184
9184
9184
9186
9186
9189
9192
9192
9195
9196
9197
9199
9200
9201
9201
9201
9207
9212
9213
9216
9216
9216
9219
9219
9221
9222
9222
9222
9222
9223
9223
9224
9225
9225
9229
9230
9233
9233
9233
9235
9236
9236
9237
9239
9239
9240
9241
9241
9242
9244
9244
9246
9248
9248
9251
9252
9252
9252
9253
9253
9255
9255
9256
9257
9258
9258
9258
9259
9259
9260
9260
9262
9263
9264
9264
9264
9264
9265
9266
9267
9267
9267
9267
9267
9267
9268
9269
9269
9272
9272
9272
9272
9273
9277
9279
9280
9281
9282
9285
9287
9287
9288
9290
9291
9291
9291
9291
9291
9291
9293
9294
9294
9295
9296
9297
9300
9301
9301
9303
9305
9306
9307
9307
9307
9308
9312
9312
9312
9313
9314
9314
9314
9314
9315
9318
9320
9320
9322
9322
9322
9322
9324
9324
9326
9327
9327
9330
9331
9331
9333
9334
9335
9335
9336
9337
9338
9340
9342
9343
9344
9346
9346
9349
9350
9351
9351
9351
9354
9354
9355
9357
9357
9359
9361
9361
9361
9361
9362
9362
9362
9363
9365
9365
9366
9367
9367
9367
9368
9368
9368
9369
9371
9372
9372
9373
9373
9374
9376
9377
9377
9378
9379
9380
9381
9382
9383
9384
9384
9385
9386
9386
9388
9389
9391
9391
9392
9392
9393
9396
9398
9398
9400
9401
9401
9402
9402
9402
9406
9408
9409
9410
9410
9415
9418
9419
9420
9420
9421
9421
9424
9424
9425
9427
9427
9430
9430
9430
9430
9431
9431
9432
9433
9433
9434
9434
9436
9437
9438
9439
9439
9440
9440
9440
9440
9440
9441
9442
9443
9443
9444
9446
9446
9447
9448
9449
9451
9454
9454
9454
9454
9455
9455
9455
9455
9455
9456
9456
9457
9458
9459
9459
9459
9460
9460
9460
9462
9463
9463
9465
9466
9469
9470
9472
9473
9473
9473
9473
9477
9477
9478
9480
9480
9481
9482
9482
9484
9485
9488
9488
9489
9490
9491
9491
9493
9494
9495
9497
9498
9499
9499
9501
9503
9506
9508
9509
9509
9511
9511
9511
9512
9513
9513
9516
9517
9519
9520
9520
9523
9524
9526
9529
9529
9529
9530
9530
9531
9531
9531
9532
9533
9535
9535
9537
9538
9539
9541
9541
9542
9543
9543
9543
9545
9547
9548
9549
9549
9549
9550
9550
9552
9553
9553
9554
9556
9558
9558
9559
9559
9560
9561
9561
9564
9565
9567
9569
9569
9570
9571
9572
9576
9576
9580
9581
9581
9581
9583
9583
9584
9586
9586
9588
9591
9592
9593
9594
9594
9597
9598
9600
9600
9600
9604
9605
9606
9609
9611
9613
9613
9615
9616
9617
9617
9618
9620
9620
9621
9623
9624
9626
9629
9629
9630
9631
9632
9633
9635
9635
9636
9637
9637
9638
9640
9641
9641
9643
9645
9646
9646
9646
9648
9649
9649
9650
9650
9651
9651
9652
9653
9653
9654
9654
9654
9654
9656
9658
9659
9659
9660
9660
9661
9661
9662
9663
9664
9664
9667
9667
9671
9671
9672
9672
9673
9674
9674
9675
9675
9679
9680
9681
9683
9684
9686
9687
9687
9688
9689
9690
9690
9690
9691
9691
9691
9691
9693
9693
9695
9696
9696
9697
9697
9699
9699
9699
9701
9703
9703
9705
9705
9706
9707
9710
9711
9711
9712
9712
9714
9716
9717
9717
9717
9718
9718
9720
9721
9721
9724
9725
9725
9726
9729
9729
9732
9739
9740
9741
9743
9744
9746
9747
9747
9748
9748
9748
9748
9750
9752
9758
9759
9760
9762
9762
9764
9765
9766
9769
9771
9772
9774
9774
9775
9778
9779
9780
9780
9780
9781
9782
9782
9783
9785
9786
9787
9789
9793
9794
9795
9796
9797
9798
9798
9798
9799
9804
9805
9807
9810
9810
9810
9810
9811
9813
9813
9815
9815
9815
9817
9818
9819
9819
9822
9823
9823
9823
9824
9825
9826
9828
9830
9832
9832
9834
9835
9836
9839
9840
9842
9843
9844
9845
9845
9846
9847
9847
9848
9851
9852
9852
9853
9854
9857
9861
9861
9863
9863
9863
9864
9864
9865
9866
9866
9867
9868
9868
9870
9870
9873
9873
9874
9874
9876
9876
9878
9880
9880
9882
9883
9884
9884
9884
9887
9888
9889
9889
9889
9891
9891
9892
9893
9893
9893
9895
9895
9895
9896
9897
9898
9899
9899
9900
9902
9902
9904
9904
9906
9907
9907
9908
9909
9909
9909
9913
9915
9915
9917
9918
9920
9920
9922
9924
9924
9925
9925
9926
9928
9929
9929
9930
9930
9931
9931
9932
9934
9934
9934
9934
9934
9936
9936
9938
9939
9940
9940
9941
9942
9943
9943
9943
9945
9946
9947
9947
9947
9948
9948
9949
9950
9952
9952
9952
9953
9956
9957
9958
9959
9960
9962
9963
9964
9964
9966
9967
9970
9970
9972
9974
9974
9975
9977
9977
9977
9978
9978
9978
9979
9980
9982
9982
9983
9983
9984
9984
9985
9985
9986
9987
9989
9990
9991
9992
9995
9995
9997
9998
