4244
4033
4585
8168
6738
8539
364
4060
5853
6844
3544
3467
234
313
5618
1236
7195
8482
3060
2877
3564
8036
5683
5212
1884
6707
2632
9911
7373
6573
7475
8254
6303
39
8297
1954
2862
9881
7048
2991
5284
8372
2148
5882
6474
4650
2885
9661
5851
9908
8418
1366
5469
2673
2614
3045
6240
8020
2133
5681
7544
4436
7864
8792
6171
8873
4924
8195
1009
3596
6236
2496
8008
4333
5174
476
8830
2491
6448
8977
9934
8564
8107
6266
4796
798
4223
2884
9077
2570
2266
6023
1028
4999
7460
8198
5427
3211
7215
9840
4225
1233
1922
253
7737
7948
8075
7267
292
8568
5378
444
1100
9333
8569
5816
5907
6419
999
1934
3478
9951
7158
3136
7453
8521
1007
131
8193
8882
1480
2801
2958
7900
7512
5458
4444
2450
1317
2340
9593
2536
2808
7438
2318
9675
9048
4854
5379
305
7651
7424
9811
7015
3476
3738
7006
3574
1577
9556
2658
4343
2042
5829
606
9199
5884
672
4441
8562
2262
3074
3633
1871
7478
4772
6974
836
6752
7259
875
2393
6485
5604
281
4011
4209
6303
3826
457
2193
8910
5499
3091
8937
8506
7105
8611
1202
7115
3974
4988
2731
37
529
6772
3376
5379
2436
5962
3796
931
5989
2894
2576
2313
1892
750
7027
7725
537
9625
5928
2989
2278
9570
1286
8441
2795
2488
2316
7361
4828
8492
597
422
4143
2643
6799
5197
1072
5247
1266
9260
1292
3744
4809
4505
4570
899
4975
552
3291
6817
7048
5146
1777
1277
1725
4227
7715
4341
5502
5043
9434
4799
406
7438
5218
2153
1015
9111
2329
1864
7803
3094
1499
4374
9707
7880
3655
9303
4978
4536
1119
572
5452
5140
4940
4251
4567
3849
2549
1556
3032
3409
1267
7840
9457
815
5084
5302
7544
7808
3050
8573
1520
1615
4655
7483
2193
2214
7148
5999
2773
1199
7455
8090
7356
9043
7311
4040
4654
2514
113
972
5073
4469
4690
1593
7341
424
2890
1780
6583
778
8463
9304
2525
1051
6047
9908
6376
8255
2854
518
8655
9453
6888
7542
7961
3901
6220
3017
2483
9763
1921
6382
3384
2007
4829
9322
6403
1068
297
7367
9206
4594
5349
358
1349
2022
8959
3750
3799
8285
3014
4143
7895
87
6894
6191
1542
8289
5756
5709
5282
3161
8842
1958
1770
2191
9576
3391
3979
4577
7817
7149
4116
8477
2500
8390
4235
9458
3321
156
5633
2190
6109
3731
9915
1836
7462
6347
2236
2264
8533
2239
1611
2306
9565
719
1447
437
7857
1507
5807
5902
1347
1981
8690
1689
853
2878
1282
4726
685
9057
947
5729
2672
184
4005
797
115
4285
1978
1959
5867
843
1449
7739
9265
2339
3847
6000
504
9364
8052
5758
6666
7079
8059
297
8901
2403
4300
6882
8060
5914
8021
9163
8168
2438
7804
4957
5805
8232
8422
5393
3063
2453
5793
8067
7129
2849
5619
36
7995
4754
2475
5176
4048
3165
9097
5196
7700
2545
7162
2045
8004
5683
8524
2084
4738
1249
6042
553
6703
4059
4794
6759
8329
9251
1433
6795
7044
2724
5699
5942
4237
3110
6501
7039
3170
6673
8032
4188
694
7843
6780
7309
7705
5258
4316
7440
9354
2744
4508
6247
4019
1949
4347
2374
9697
130
4812
559
1483
6001
4589
2626
4983
7749
9539
1000
9963
1667
3554
4588
5434
8032
4821
4915
2234
509
7017
314
594
1262
6337
756
8243
9698
9580
6977
8755
6342
4913
5748
5061
3532
3423
4423
2264
598
4818
2918
9492
125
2630
4689
2595
2297
1852
1194
4600
4593
1359
6192
766
1027
7611
5490
5232
6773
5320
428
6151
6255
2602
2842
5070
4816
3072
4350
7704
7703
2008
8991
6298
295
7181
4419
2922
7576
4615
3057
6680
4117
980
4342
3476
6340
7745
9814
8459
9606
2604
1968
4130
1161
6494
7810
6454
789
8680
6496
7388
3787
9783
8656
8422
3137
6218
3589
2555
8330
3242
2218
7214
9313
9512
7715
2195
2630
128
9724
3876
1186
2504
804
8150
5298
5278
4597
7016
4009
6740
4845
7696
2301
7193
3546
6033
1798
6804
8944
1078
4305
8131
2489
3695
2170
9798
4022
5020
5997
5276
7389
3549
6493
6212
990
1240
1488
4959
2486
8106
4316
5197
1565
8270
3031
2613
7427
2229
9987
1350
1001
7667
3154
6592
2407
562
1658
5191
2522
8751
9936
6932
8316
8333
8502
6486
1714
643
1126
77
8952
2744
5174
1113
4679
3185
9254
3843
3389
4603
1019
5464
9140
5758
929
8268
1410
7769
307
9441
3740
5670
5414
266
6684
5166
4698
3952
167
250
4836
1492
7553
4854
3692
2500
5035
1382
85
1018
7970
6744
6833
8035
345
6383
7007
3675
6077
3222
5831
4984
242
8441
6609
1273
9262
1791
3561
5672
2465
9748
3174
4816
5125
5839
4600
4300
9190
173
9103
1293
2058
3546
5896
7801
4724
7947
2605
5576
6835
9205
4629
4085
6040
5318
8726
3499
4201
2006
628
9696
9089
2278
1308
6816
9129
5580
3800
1107
4770
9487
3615
4581
4508
5078
620
9730
3599
4685
8149
7894
2140
2239
2961
9323
1884
8041
8841
1914
7065
7315
36
7397
8169
319
1458
9102
3375
4164
3718
2934
7768
4993
792
5644
1539
2293
5222
8093
5641
4912
5996
8977
4395
5642
750
9681
4836
1152
3813
4172
6466
2817
7098
1054
7374
4090
1438
2826
7749
1655
2790
1968
851
3045
6430
7170
5825
4738
8784
7834
9902
7926
3571
6173
7745
4514
497
2715
2470
3884
114
6154
7813
7836
4174
9033
8255
1534
1019
1609
127
1173
3277
4304
7891
5097
156
645
3753
4338
3912
6215
8718
5304
2023
7223
5669
5640
5480
2506
4932
3602
8594
1364
9637
3881
4161
6913
4879
4249
1439
8301
5907
3434
7177
9637
5555
5190
1778
9390
1015
3212
3660
4961
1853
1776
6937
4082
8811
2240
4416
6870
3024
6475
6563
2205
4109
687
5148
3701
5899
3554
7079
6937
5625
158
4734
4004
6935
8573
5521
8507
1588
7555
8823
1434
4668
4219
8054
4238
2746
2859
7966
8258
8060
8770
5116
4691
3116
4179
4615
3035
8883
1048
539
5477
1885
1030
6883
254
7021
8533
220
2433
320
4893
655
3093
6297
3639
6318
7601
6094
4829
5305
8800
954
5984
1228
570
1444
1262
6821
4949
5149
2476
3198
3266
6505
9818
2752
7009
2902
2090
9722
7215
1260
9431
6147
5299
4138
2584
6870
3745
3443
9140
3706
5911
8612
7575
5161
9316
2039
1532
2846
7321
5871
3851
2519
3060
4603
3429
6817
4895
2070
3488
7125
6364
7231
6983
4086
5744
5359
2066
4054
1026
9236
2292
5707
2593
1544
5908
4937
4429
8105
3301
6254
9466
2370
116
7194
6490
7723
1795
6559
9164
7566
6099
5545
2137
2739
6563
1008
7134
8137
7133
8036
8471
5485
1325
8754
7779
9884
6214
6932
2979
9605
4362
1201
4505
648
9906
3674
9218
4516
3477
5540
1557
4094
7371
7145
9054
8762
3993
2256
7200
2602
5650
195
2387
6162
8285
3227
8849
5868
5129
7769
264
4412
3595
8590
3760
1896
8163
7243
4635
5952
400
1077
5374
5512
1017
7349
4373
8239
7186
1590
6585
3886
1618
8053
3647
593
5654
2418
5558
2581
8677
6408
8155
7894
5361
3695
1729
5526
9618
8316
8356
8784
7149
4049
2104
8225
440
6170
3745
2587
8453
3854
4864
4057
4225
616
5867
2238
5938
7597
6401
6068
7958
5324
2741
2214
1749
7211
3733
1248
6150
6306
3891
4120
7543
7263
8201
9167
473
4170
3298
683
4014
1958
162
3296
9902
4427
8191
992
3573
6808
8349
463
4704
8007
3060
1339
6397
3684
7136
1533
5802
5048
8725
1864
4681
9618
6712
5317
8547
4006
9690
4259
1395
1163
7007
7544
7993
3785
245
7952
2233
2978
7603
5441
2284
1052
4656
7845
3171
6188
3434
2820
8919
3059
6719
5577
2532
2621
2731
4797
3760
9162
4907
1739
2793
1401
7589
1797
6214
6772
3718
4256
9395
6925
9625
1791
9122
5902
7407
9549
9761
488
8091
8303
3208
733
380
6512
6491
5208
6928
2596
2479
2266
2915
3040
2616
3075
3213
1029
9117
4035
9369
8893
3917
3508
1118
4822
8487
938
5598
357
1365
6406
6375
6329
9610
1286
9426
5530
7341
8022
2635
3035
8197
3044
4786
5306
867
5986
5444
3567
8500
2747
7366
2452
3152
9075
8206
7700
531
7896
7000
6575
9417
9285
7123
7504
9593
7563
4407
2232
9119
899
3595
5317
6690
3785
4860
1041
9991
5234
574
1344
2841
2343
2975
3290
6593
1947
8810
8245
3856
2716
2952
2085
5770
2385
9091
1665
7865
643
887
7838
668
8104
2508
5450
8591
5007
5730
2535
698
6445
9996
1580
6486
4830
2922
2799
4061
569
4125
5389
3876
4107
9474
2738
6222
9504
526
7637
9216
1572
9185
438
408
8477
2778
5228
9551
5079
441
5827
9826
5737
1872
7451
12
2702
4376
1003
556
6658
7325
778
9288
5948
2223
2349
3315
5059
2592
8604
4821
8140
2728
680
7886
6417
6108
9257
4163
7351
7049
6220
3879
8159
65
7806
7524
8331
7290
11
2689
2551
8589
9441
9169
4847
7704
473
2589
593
3545
5466
806
6970
824
11
4873
4264
4802
3041
2213
9523
771
8776
6098
9753
5878
4429
1702
9130
7513
8983
3566
3481
978
2632
8934
8361
3773
8949
4690
1357
5362
7402
3058
9314
690
5417
342
1916
4909
3300
3337
980
6830
4699
8994
7217
4540
5258
1754
991
2113
1766
6036
4238
3898
7823
3503
4307
415
6576
6886
3322
7343
4318
8886
9724
3523
3885
5714
7631
5673
9493
7017
1252
8019
8104
9334
1015
1732
9940
3927
9658
9180
8644
317
6277
1853
7882
2096
3948
8726
1810
1027
5758
4745
8931
5392
1802
5144
226
8318
51
7188
485
1992
5048
464
4493
4893
4608
313
2835
7907
6777
7444
3704
8065
674
5433
2279
5099
8819
411
1025
7904
364
5998
7959
1573
3632
1912
257
9496
3087
7560
722
5228
9075
7695
4907
9732
9490
9978
4654
7712
9905
1616
732
3507
8357
4698
7238
5237
4947
3470
4769
9284
2109
7661
7585
1159
9895
2423
1595
7235
304
7599
7022
4891
1435
2859
7048
8732
4209
3348
8506
1949
6658
4227
2579
8026
49
7416
6334
8952
1558
2037
1971
1807
3771
2551
4707
8944
2810
7952
3316
2840
6786
8460
927
2723
185
1922
4020
5044
8433
3152
8845
6820
871
2070
1663
7547
2838
3092
923
3882
4291
4368
3511
960
3058
2524
9804
337
8242
8328
5988
6943
5374
220
7335
2276
6030
2127
2887
8172
3559
6618
1152
3871
5384
5938
2295
9526
7711
5338
1439
7761
556
6048
8139
9948
3452
5326
1393
6012
2647
3542
7102
7785
7213
1673
2650
5028
8365
7310
5588
7416
2111
2147
1663
6904
5752
5436
2729
4498
314
963
1491
9546
7298
4794
6336
5074
9953
9655
1979
3706
6168
385
787
9143
2560
2915
643
1090
4941
4215
9700
2803
7231
1641
1237
8344
7022
9444
878
332
1463
3547
1219
4123
4031
9924
9842
9589
7909
1575
1705
1931
9405
8610
5031
8712
3393
210
5790
3727
3423
2647
6396
707
5486
5522
1637
4615
2009
9064
8189
3379
1906
8908
9445
3513
5164
9877
7815
7657
6087
9266
9493
9881
6979
7345
2098
2223
6550
1296
6512
1167
1800
3760
6458
6427
7356
8463
3785
6300
2145
458
3822
588
9217
4980
551
3902
6600
6619
1231
9847
9904
3111
9318
1666
7657
8266
3440
5980
6033
2619
909
4786
7936
2758
5732
6304
2687
9914
1836
2246
4526
6885
8213
1262
5055
6624
4677
9315
2189
6745
2339
7916
6435
445
5649
4307
5524
9986
3160
194
7445
3202
2072
7955
2196
7519
8685
2938
4796
4852
287
7878
3199
1369
1657
1890
6682
4586
9708
9842
7417
5344
3977
1851
3206
5218
6095
3062
1841
7023
3990
4231
6344
5629
8175
4434
7311
9478
3692
3338
3038
2651
5722
5868
6391
4616
8419
2976
2248
3473
460
4684
2265
7308
1454
4776
5102
9156
7347
2124
4113
4977
5328
7407
9223
487
8853
6357
8774
9070
1215
7733
3257
2982
8754
4717
2875
7334
2298
1891
4307
6154
8977
6965
5195
1862
2811
4862
7625
8814
954
9779
7405
9987
9344
8784
1810
6074
8358
3662
5921
1667
857
5929
8046
8026
271
8259
5586
7176
2408
9521
623
7482
9900
8767
6137
1411
2397
8671
3445
9148
1835
8969
4701
9998
6598
9281
5995
1236
6030
1736
211
2199
2200
5396
1723
9053
502
8813
530
2014
7447
7222
9341
4096
6352
2287
5316
3605
3878
5869
9077
9448
4272
4478
7209
9741
7062
9122
8367
156
6368
6745
2208
5063
5398
4949
6608
6256
6280
5661
1482
6135
4525
1404
583
2179
7167
3036
9521
5811
3666
3892
7508
3802
9797
8245
6774
8992
1954
6387
7109
978
7702
7889
3193
2162
7556
3393
3150
1415
6263
6370
6949
9353
8734
6816
6038
3916
3929
2304
8896
9727
6721
4381
3867
8250
5350
6612
3641
6513
8850
7473
8471
4520
4837
6760
2907
5092
2263
6812
9258
4257
2224
5483
3984
7710
3776
2103
502
5451
3238
5674
7727
6360
9693
8714
5559
441
1656
8462
1855
5772
3842
3170
8030
6599
5412
9120
9299
9549
6835
3635
1798
2462
69
6858
3224
8288
9275
1051
4536
2952
9530
2051
3672
7845
7678
7454
1731
9121
7419
9370
7969
7577
5572
4818
7340
5509
574
7467
1624
3836
2458
734
6433
9400
9813
2317
9159
4543
1240
1520
5886
3094
6708
3437
6348
7653
6613
8944
7314
213
7330
2213
6504
8228
9289
662
7545
7812
884
8191
7461
9957
1167
8237
2852
6416
3096
2526
4528
3054
9024
4813
4924
6659
2695
9556
6082
4090
8287
6209
3583
3808
1926
6106
7352
4155
6741
2585
56
4113
8821
2004
4925
3943
9086
3156
4980
623
7707
3592
4006
6997
7089
9106
4168
884
7532
9029
6455
9755
6965
7796
7955
3131
2531
8195
9641
9823
3116
2303
5153
2401
8435
6342
6394
5559
7049
2441
6559
7352
4196
9641
3219
5446
5450
1759
715
9396
6727
2804
4766
731
2531
5973
2638
5138
4559
46
8433
9598
2969
8696
4478
1046
1159
9037
6823
3215
2910
8946
1902
872
3950
212
1104
4283
47
9149
2267
9651
9772
3982
1508
9517
9866
6928
2390
6013
8405
1752
5654
2010
7302
9050
214
7434
1619
4274
138
912
5749
5393
9526
5396
9555
1771
5840
3886
7052
3149
6611
4687
5617
7320
6773
7338
9370
2343
7117
294
5160
7111
6538
4561
8754
5506
6478
1977
3362
9607
2982
9204
6590
3680
2980
6448
8037
510
2103
3774
1646
6762
9284
807
6734
3463
5518
4247
5432
8225
6551
8287
1450
9673
6872
7261
9377
4989
2370
9998
337
1796
5463
8924
8332
2528
6998
3108
1876
4055
9771
9815
1853
1228
4475
7020
4912
992
4586
6898
1749
2809
1586
7338
2065
2012
1728
8813
652
2892
2605
6060
7048
2587
2460
118
9754
8923
7445
1119
9202
4116
4269
299
2983
3405
6047
3065
903
8594
4421
9262
66
8882
8447
8701
3917
6829
5678
5489
4770
6196
661
3211
5351
3456
7445
5978
4996
4327
3403
5872
397
1320
9986
3538
5286
3021
326
8764
215
6846
5001
1419
5294
6440
5564
8325
8056
7484
7532
5984
3382
9600
1456
1192
3172
6566
6415
4434
4708
9728
8495
7398
6486
7679
1471
4814
399
2831
4212
6781
3930
7102
1331
9555
9778
3988
9282
3155
8848
6185
4495
7631
7503
8665
5586
6596
211
2744
6198
951
4163
2886
4255
4216
7146
3467
561
3790
5217
2665
7962
951
5734
5793
7846
9490
5290
5208
9789
3493
1895
3237
4173
537
3778
3631
3078
2349
9014
1926
5698
2904
7514
6214
3004
1988
698
4670
93
8924
4614
217
2664
2847
6031
6363
8158
443
8849
4382
4896
6357
8234
9757
5495
101
28
1732
6339
9070
847
520
6278
9077
540
8995
7939
8568
6988
788
189
1471
5798
6333
6282
8998
3532
3495
6775
4929
4073
9446
9026
1133
7627
9305
8295
7054
5951
5234
8524
2720
7045
643
3538
1945
8276
9063
4758
532
3452
5696
3040
9982
2621
8085
7982
6443
8299
5046
5517
2074
982
2859
2542
6929
3263
7810
1721
3462
2361
8727
8179
8466
9315
8671
8612
7497
5380
9790
8996
622
3993
1212
1237
5725
8012
8107
1509
3111
5368
1846
4185
6763
7256
5184
2825
1772
9533
5368
3364
2109
4164
5160
4344
7189
8259
1454
1590
5798
370
5715
9658
9393
9797
5473
6773
2898
2257
6773
3831
3234
942
9338
3737
1281
4169
437
3379
8888
8729
6895
3932
505
44
2083
9064
4606
8243
2557
5543
7296
9526
4433
5049
3268
8214
1586
9115
4033
3056
8731
8439
5736
5600
7603
8668
267
7032
893
8659
8136
3308
2789
8017
5956
4709
8775
2508
1084
1255
6329
2276
8139
7710
1900
168
8115
6762
9848
1950
4331
4859
1710
7654
6596
4167
4928
6919
1642
4086
8975
5591
1791
8167
3068
1987
4996
587
6046
9391
7972
2212
8248
1703
2543
4290
7623
6473
1676
1014
1977
8491
7169
8808
5649
9574
2744
8184
1110
5856
8984
8180
8181
1337
3043
5825
8982
8290
4702
299
2695
5909
8042
3738
2960
3707
4012
2524
6683
2220
9747
3449
3025
9876
6721
275
2485
9620
3956
936
5022
6902
2008
4027
2386
8489
574
3700
890
6077
1934
3326
4804
130
2349
7784
9690
2822
9110
5712
7712
9010
3594
4054
8976
1015
4976
9376
6210
4746
6895
2566
1883
9644
7889
2233
6350
1744
1479
4898
9983
9668
590
9549
7495
2658
1227
3841
8716
7123
9669
2250
8760
2579
8562
2803
600
5257
7458
10
1474
2972
4080
6425
7567
6230
7058
5394
5646
6908
2794
5485
176
500
4676
3604
3847
2522
7354
5399
5644
245
3580
4032
6319
3926
2423
7079
9889
630
9408
5541
4977
6788
2620
294
6224
1181
1255
825
7155
7350
8247
6601
2983
8183
4127
6967
3766
272
2203
3654
6293
6773
8509
6949
2395
5214
5437
3961
9584
3735
4363
4161
2351
7931
5591
5492
5673
936
8077
3325
9316
839
3114
5719
5289
8669
6224
7817
5812
1044
2961
4430
1712
5045
2426
2426
1735
2836
4592
6137
5279
4405
516
2872
9613
9004
7839
2372
27
4743
2955
2725
9756
3479
4199
4561
7809
357
5216
4692
6729
3910
4663
3154
5295
7117
1092
6062
9478
7652
7730
5217
4824
8396
7750
7391
1827
5974
7786
2775
1506
3113
960
9199
6192
9257
8810
1301
1940
5237
676
9381
7707
9918
5665
94
3362
6448
4903
6983
3548
3214
1747
9030
5721
2269
6134
8013
1375
5354
3634
4747
2539
3385
7392
7886
6821
5229
3228
5442
6374
8435
9768
5091
7781
5229
4452
4463
5185
7685
4577
1899
6562
3756
3388
9598
9564
3385
3671
7873
6445
5456
916
1059
7117
7486
555
3172
705
9244
8756
4074
3343
8983
9632
4129
5133
694
5489
628
5628
8098
4916
7223
1068
4758
7498
2974
4605
1825
4625
9147
7950
9848
1392
6200
8309
8558
3281
5861
8012
3249
8974
9100
5649
7798
4322
4255
8701
422
5206
4764
3048
6269
1083
2175
1551
5812
821
192
2955
5742
2504
3923
3860
2738
9724
3813
4656
3306
7253
4595
6443
9963
2711
3677
5541
5457
8043
872
2806
344
3927
5627
2192
4439
5332
535
3101
99
8968
5433
1479
8496
975
7577
3590
376
4297
9283
6768
7093
4789
7341
4571
2074
6875
627
5258
4587
8779
4179
1064
4024
2868
5191
2020
7470
5758
7315
541
8889
4712
4639
1208
7444
1181
4852
3156
6625
9652
3193
1167
2978
2996
7323
3289
7516
6932
2947
5373
6062
131
1680
2406
1822
6954
3144
7893
2633
2509
6417
6828
1412
7005
7729
5605
9019
5047
7724
4128
467
4436
6243
7368
5752
2278
787
5720
5516
4018
6534
5397
9561
3963
1987
5234
6637
7361
8191
588
9161
8966
7587
8919
5935
2636
8587
2871
1973
3711
7434
4999
835
4460
4201
1069
2548
7149
5709
6441
4686
8596
4894
1047
8467
4080
2594
7121
8877
5460
3466
6464
9601
6009
482
5356
5470
851
4359
4580
8198
1177
8040
3503
227
9755
7582
581
390
4432
2343
9073
946
9827
5199
2665
8081
6854
3126
7758
7089
1732
9339
5484
220
6530
5013
9021
9691
1099
4749
5632
3800
2613
5384
570
1052
4432
2014
854
1178
872
6192
3712
8529
3858
8753
3598
455
214
3429
3978
6886
1888
4721
1220
9097
1634
9158
7305
9031
6063
6452
6728
8932
1278
4603
1855
1546
7508
4949
2621
4404
7253
2247
8806
7249
288
7282
9610
1547
4908
3583
6309
3478
8412
1184
6239
6054
9954
228
2663
8786
7398
2878
780
500
2263
2580
7220
1124
4509
3248
3409
4984
3021
9489
5256
2242
9154
8776
589
4363
3180
9137
4020
128
6912
3300
9748
9934
6644
2717
4896
183
7230
1359
1524
2808
955
9028
2911
4445
2061
4906
9100
7828
4239
4576
8284
2702
1454
257
4397
7468
1064
2846
1684
5014
7741
8463
3285
7192
6971
8076
880
7186
8622
5231
7179
5307
2299
5404
9748
3354
2102
9753
3339
5136
6513
1661
5014
6235
6639
69
5744
7923
3942
4007
2697
259
9065
8123
5099
6668
8220
7369
1373
3781
7167
6737
6786
2397
4513
385
3094
9010
5932
4762
6295
6999
6537
9037
4338
7064
9475
565
6633
9945
9754
9472
2256
4564
6441
9027
6847
9620
3565
8328
7586
4610
1740
3520
5871
4061
6825
7053
8687
3519
6649
6097
5077
4089
3648
7790
6942
4977
3273
7124
4955
8906
6273
8381
8766
5371
5862
6002
1689
946
4173
8065
5551
2633
8490
7645
1244
3324
8365
1943
1748
1637
2216
3976
5705
4823
3822
6461
1323
2880
8824
4944
7416
1549
8264
2143
1712
315
3268
2264
6560
1435
5233
5508
4804
2110
4747
7591
1546
9129
8944
2865
2185
6442
4636
3456
4736
4856
9380
8538
666
6580
8081
150
9666
1951
6617
7043
3928
7698
3077
2794
2569
8808
6873
3993
2136
8012
1345
1202
3978
6934
5233
9348
1583
3464
9633
5003
4120
2703
6325
2419
9879
461
2731
1273
9878
3310
8639
5487
2635
9857
2549
290
1785
9561
278
4402
6411
3028
774
3644
9196
4156
115
5191
4889
1667
5080
6222
3480
162
9906
7675
7674
5541
7599
5665
2468
6984
9988
4591
5675
4002
6660
7746
1351
9026
8260
7463
3972
8895
4641
6823
8436
5818
929
7149
8296
5865
6014
4534
1683
9994
8139
9149
7548
4094
1355
7842
5249
6556
9450
9779
5852
5915
9508
3111
1480
2787
7302
720
402
742
7954
8116
7181
9887
3504
4321
6858
3794
2335
8854
2656
5128
3396
6293
1425
6976
3873
569
6021
2148
5877
5492
7836
3029
2561
8169
1212
3194
7954
1787
3971
3197
2662
2649
9729
8709
2465
5443
6346
9474
2512
451
6369
1613
1059
7910
6265
4225
4326
4608
3343
574
3765
4461
9717
4897
411
7681
3436
6116
1099
6693
8874
3873
38
5954
2008
5923
9464
615
5380
4052
3950
4740
5496
9763
8211
458
4667
4394
2866
7680
6203
8941
5289
6150
7330
1753
9438
5929
707
4955
1752
8112
7063
6476
2732
8025
4232
6675
884
9243
337
969
4085
5024
4322
3686
3009
8056
8560
1915
6923
9557
1003
2640
3825
8271
8254
2473
2918
5368
2375
9117
2776
1228
1042
4004
4563
2560
6414
8075
9777
4022
4317
2824
2926
4760
1636
533
7825
9889
9576
9872
1945
2286
9143
6282
7296
0
6250
8067
6902
8504
6712
3692
8910
8750
9187
1936
3960
5166
5128
6106
1742
9752
4373
116
3741
3258
8599
1803
304
2723
5601
5539
7731
5406
864
3261
8401
1435
6972
1779
7579
813
4074
3579
3677
8211
4041
2896
8543
6876
3753
2676
6799
9875
2767
9053
1796
4833
9334
4631
8676
4931
3270
2009
7542
4792
6731
8479
5341
7605
8887
9111
5395
3397
3487
7532
4649
2089
7796
6148
7182
4416
7531
939
8388
4721
6111
3306
681
5491
4622
3129
1822
3365
2103
9150
5170
6515
5555
5260
6326
2885
7506
6193
8882
9906
3601
8350
9825
8034
623
2785
3515
2369
743
376
8471
4432
1950
231
8385
5101
6185
1901
5924
2972
6009
8596
2196
3975
6130
8330
5704
847
1561
7403
1118
7466
5441
5876
4162
4476
17
1661
1081
3904
2890
7280
3162
2049
7968
3498
6866
9660
6829
7433
9921
2791
535
8917
4553
4432
2006
6251
614
1764
4369
3594
8534
428
3588
7602
1451
6098
8809
7661
9863
8366
7418
6386
2340
1171
7199
2783
5487
7990
7453
3535
2946
327
5146
6928
9523
9035
5545
1083
5405
7003
5567
9841
4610
6930
812
775
2
8903
5325
3172
4898
1026
7280
4938
435
7075
9906
3200
7068
8422
4037
5395
1220
8666
3083
4213
7168
634
3900
782
4856
7771
5607
6377
4273
1667
3596
1091
8384
8140
6224
5921
758
1455
6266
9633
7929
1606
7783
7842
4437
7784
5541
9291
2101
3816
9733
3267
6716
7127
7732
7224
6835
9916
6931
1172
4696
5068
1345
6282
7742
8346
6775
8433
1326
240
5753
3080
9352
5750
6597
745
1165
4562
4843
4504
3882
248
3743
9064
3743
5877
2832
2969
2680
7430
8641
3082
1554
190
9960
5315
699
2646
4101
8145
137
3360
7139
4606
7771
4991
906
8570
8088
115
6880
2363
5257
9705
2075
8014
9403
8397
1390
676
6368
8798
9862
4496
7406
4478
186
2431
2686
4391
1718
97
9148
6669
4912
3614
7140
1052
3201
6035
2660
9481
9828
3022
3782
9330
6165
8483
7876
566
9725
6524
5540
2920
78
4080
2008
774
5543
2635
2422
3891
469
5986
5690
5437
488
1740
4654
2526
9334
171
9093
3550
577
9202
2639
2773
4659
571
5720
4209
3019
4939
5454
6652
1473
8874
1838
7477
5987
3763
9882
7006
90
9002
5718
6705
3675
4703
2470
4599
8975
7135
8318
3283
2102
4234
6872
3899
3049
2067
3870
4927
5456
2089
73
861
6116
2232
2577
2969
1878
3052
8386
4803
1304
9009
2380
872
6623
6578
2510
2961
5930
8408
748
9253
6814
2402
6125
3091
7401
2797
8425
1006
8674
412
7079
1441
4720
3195
4379
3976
9902
8407
6318
7458
5560
511
7237
6372
7719
3473
1789
7966
6491
9377
763
5644
7663
525
9225
8965
817
2719
1730
1354
2988
2439
5555
1273
702
9592
731
3355
316
432
9855
3805
4496
4382
4489
6789
9837
8239
971
3442
1297
504
3625
5752
7338
2832
9927
1513
1066
4276
7188
8462
7716
7687
5841
1947
9854
3147
3383
7877
520
296
224
9441
8594
9126
578
3665
5318
8769
2233
6962
7379
636
2723
7581
3963
6718
7091
629
4302
6409
3023
6542
5092
216
6243
2231
3084
9346
2623
2758
5233
8331
4026
3449
4282
7175
522
7269
2
4549
5908
5032
9845
6753
2758
2607
3160
8556
1014
2408
13
1282
8433
4994
4824
9766
5139
1541
3370
8439
6111
1207
9418
3240
8147
1496
5541
626
2589
9182
9287
9919
7708
842
3587
6936
9187
387
4489
2865
7248
5021
7146
4562
8374
9481
4183
5126
7651
4
8927
9336
1578
2985
210
6978
4189
8072
1722
6511
5965
7160
7709
1677
9824
8457
6583
5790
2468
8052
5001
5609
3047
9582
3415
8877
6859
4847
8263
5396
3754
585
1944
654
1585
386
683
5457
4680
6692
1791
8871
7276
6867
8758
3496
3172
8242
9049
9752
5088
7049
4238
5142
8965
5789
2990
5820
2556
351
4294
8019
4648
7226
3792
6651
8691
4958
6077
677
7504
3315
876
7465
8412
1669
7143
8454
8702
9135
7563
9043
2341
5894
4628
1401
6896
946
7151
4770
2091
1604
8175
5530
828
851
3374
4790
5315
2329
4853
6621
428
9706
4539
1315
4095
5660
6521
7046
4850
3626
832
6466
4262
6539
6761
2972
7621
2260
8726
3523
7703
5016
8798
408
6970
3814
4300
5333
4685
7721
1917
3144
2164
3402
2836
9294
1922
8341
4293
499
5713
2596
4580
8573
3891
8519
4698
2892
7800
4450
3966
9383
9096
2382
2517
1573
4989
8804
3670
5861
8445
1223
5421
4017
727
7421
6941
9744
1781
680
2555
5470
5468
5932
7894
5939
3514
1011
6675
8792
4617
3158
5677
7845
1613
2086
8132
950
1657
3336
2415
8682
7
6581
5123
6623
1899
4748
7061
92
1512
2377
4353
6921
7420
1086
9212
3213
4427
8846
6970
2647
5867
2011
7448
6613
2904
2805
9091
1936
271
7545
2749
7534
3665
7863
2942
3013
4199
1558
4717
1228
4690
5701
4049
765
4865
199
3211
7363
7718
9659
6769
9609
7831
5843
6518
5232
8018
6763
249
7564
8795
2084
6270
1455
523
2617
2645
8999
8625
2145
1724
4813
1907
4924
7190
6837
3668
1125
9875
3622
6863
2350
7960
4845
298
1935
2528
217
4118
772
818
9645
2460
3304
1635
5901
5581
1264
1613
8499
4601
341
4002
480
5018
9687
3250
4323
3846
3707
1568
5422
3873
2678
495
4
6474
7819
799
9489
3630
7327
9545
4989
9852
7764
3515
4420
5128
2312
9652
677
7522
8727
3443
5114
6340
942
597
2451
9051
3369
433
6154
9549
8378
3218
6682
8105
7055
4487
6061
9556
4886
804
6281
2944
5003
6754
3693
6193
77
3354
4784
721
4973
3183
8397
3122
4250
9441
8839
6792
1938
108
2647
4262
1256
8362
9463
2536
7149
8627
9964
3926
3238
5749
9267
2597
1560
5705
655
3673
9493
3906
2886
1060
3757
6702
4287
2877
6666
3978
161
1128
2168
9408
5220
4880
2297
2036
2813
1119
703
3421
5177
4879
3140
7263
6938
2204
6114
945
8109
6231
3446
980
8957
8308
2342
3386
9413
5210
1365
3137
9246
8556
7683
9552
4687
1979
8206
9486
3787
2904
9451
4764
4714
6050
5070
8509
6984
8240
8515
5472
3746
6806
8026
8208
4459
2526
9566
9210
8742
7664
5979
1152
1853
4221
7429
2462
6508
7097
2514
2445
5369
648
8059
7955
4182
4561
7022
1955
9048
5025
7904
6892
1723
7979
4487
2073
4640
8141
7394
232
9665
3558
3106
4195
7218
9448
920
3050
7103
133
6155
5254
6285
4588
5309
4185
5038
7788
2081
9806
213
6947
1874
5719
1974
159
3485
7058
3137
6243
6167
4713
6512
4890
788
7698
6107
3750
8546
5807
5330
2045
4619
8478
8601
7313
5773
2309
8119
6018
1391
8971
5070
8146
8264
6767
887
1392
7707
6948
877
353
9626
2913
864
9693
7192
4204
7862
2472
3032
731
8023
4869
3723
8547
7564
4304
9773
3466
785
4413
3954
4145
2585
8629
7035
7814
119
8810
5291
3137
1105
4410
1812
5163
2120
7847
1970
1323
3203
3812
6148
3900
100
3002
5766
3323
5015
6516
1342
6439
1669
166
4241
3249
3655
6154
2794
6548
5429
9681
3264
5045
642
2186
1360
24
3771
6018
4340
9404
7159
4537
4100
3505
8245
9300
2773
9265
7921
3271
4143
3346
4820
9420
8270
8275
8673
9755
1918
8759
9657
9933
8601
5879
6650
5398
9630
1782
5678
9892
8940
5315
752
9819
2132
8201
2367
2340
2063
9774
5332
3431
7585
203
740
1873
9761
8529
4722
8392
5126
3605
1063
3989
8895
9274
1524
6639
9196
3100
6913
6847
7961
3925
3840
6569
8366
3076
8263
9179
1846
8005
1438
5306
1098
6508
4100
5760
3700
6757
5884
2471
670
7401
5245
4401
8449
2396
9709
6635
4694
4210
8873
6604
2967
7967
1467
4780
1366
5317
6521
4792
1314
8638
5339
6250
5803
2441
8281
8240
2299
5784
6409
395
4763
8017
6562
1260
504
1718
1336
4603
6324
2029
9621
2149
3733
3962
7941
4504
3464
5605
5053
6144
4550
6244
4892
5063
1878
4370
181
1290
351
5020
4720
6056
2123
5759
1624
7795
8411
19
5545
6820
3059
2711
9389
3244
7185
6473
3282
7077
5586
9230
6208
716
2831
324
2812
1096
3827
4077
6935
344
1968
3364
3605
7828
8504
7267
4570
9711
4297
6291
3646
2997
4671
153
7155
6913
8292
617
4149
8023
5118
4896
3234
8913
6270
1256
9999
8787
5646
448
8855
2741
1507
6736
5685
9242
5698
3098
6155
7981
1701
3531
7116
6696
7271
2607
9441
957
9329
9026
7004
1145
1157
9577
5701
5092
4777
3402
3839
738
3305
520
2231
4225
8158
9692
8466
4991
9523
7186
1570
7771
4542
167
7377
4564
9156
4954
190
5269
1843
932
4302
7468
313
1779
6005
5390
2178
550
2565
7305
6291
6300
5046
1306
9485
111
137
2332
8958
644
7644
7516
321
8333
230
2258
3525
4766
742
3694
7566
1998
2398
5611
8302
2954
750
5230
1278
9200
1205
4440
3203
3697
5039
528
5148
6560
449
2920
5541
6558
9861
587
6579
7760
567
2314
812
2931
4952
7184
9819
2119
6380
4404
9829
9676
2153
3717
2573
9036
3533
3987
9362
5145
7984
8839
3133
853
5354
2309
6525
3031
9771
9047
92
4658
4999
1111
8433
8717
2977
7875
1279
1074
4907
641
9808
4188
4956
3495
8316
3254
2996
1914
9728
5174
6213
1656
2870
8487
6431
97
5128
970
1600
1980
4369
2610
3608
5217
1589
231
878
7761
4391
5734
110
692
5431
7029
6563
5233
9837
1478
2401
1770
2876
360
5307
6033
2283
8277
1572
9
7582
9578
1900
7378
5700
3844
8682
8010
8618
1782
6816
7447
8712
8684
210
6278
9596
8058
5582
3246
2788
6906
3813
8708
7989
1999
9632
8173
9805
1227
2665
1567
7918
2364
8009
2006
2997
42
1415
995
8689
2105
6662
3923
2874
6964
7581
6473
6569
9743
2576
529
7527
5656
2724
391
4879
8964
1536
7941
6431
2633
229
4456
6055
5127
5849
6036
526
1949
3309
1190
2092
5871
4015
7904
7751
2890
8808
40
4260
1587
4858
8010
2080
1363
1946
5491
113
7025
2202
8205
7768
5198
7919
6469
3064
4763
1016
551
9256
3451
9258
7827
3354
6753
1035
3159
6189
737
5044
7650
2738
3605
232
2450
7767
1933
7787
6530
3710
6673
5984
91
5265
5617
3456
7175
4927
5650
9052
2237
4520
8752
5026
8895
5008
4309
6137
9126
9686
1926
4965
1592
8398
8672
3659
1023
4483
6430
457
7260
4218
254
8974
1685
1913
9058
4501
8210
7394
6145
3818
7621
1976
4195
9537
9950
8736
7550
66
1937
4059
5149
9503
7046
9521
9477
646
5504
3786
7411
4186
2674
1838
4232
3557
7849
5913
2374
5268
4323
7096
81
6241
9523
3891
165
6008
5018
6874
290
392
6496
562
7376
5533
4989
7446
6252
8283
7072
8535
9932
7710
3522
5413
1389
2527
7939
5917
4871
4483
1034
4559
4219
653
5307
6716
9113
7107
1932
3056
7462
3999
7196
4510
3470
1594
9963
4867
6917
2695
4640
3911
6646
5782
6606
2896
8263
9536
4933
9378
3986
974
4254
5238
1665
8292
4209
3603
6932
9914
4790
9404
8069
5578
1589
8295
5630
7657
3500
4045
900
8156
2792
267
3343
2482
7559
5572
6880
3825
3669
9490
5428
1822
9246
2324
6065
2110
2725
6988
3081
2552
1329
494
5341
9043
9685
1318
6372
6160
9144
34
106
968
551
8736
44
5223
8890
2318
2539
1679
2392
2373
2655
9338
9330
3667
4377
1793
2797
6249
6841
7844
3027
759
1544
4429
3096
2977
1670
8224
4766
5322
2475
6579
4314
9944
299
6057
5974
2133
5289
6635
8371
3073
2427
4832
3518
9136
6611
198
8746
4159
7352
3329
4932
1602
2502
2196
2727
6693
6092
8514
4141
9699
6600
3305
5175
273
1115
4923
5693
4617
8540
2902
6861
5611
1872
4045
8516
7171
7180
6366
7138
9762
3979
9611
1272
2673
2184
2433
7789
695
3226
9659
397
8087
7257
7277
910
5623
9576
4638
266
2034
8297
391
2713
7049
8545
8605
1162
6990
672
6920
8785
6724
8374
402
8894
1804
9885
8017
8863
7338
4593
6982
9931
5442
193
6343
7901
134
952
5435
8376
1128
3398
5735
7718
1933
6732
392
5475
7928
1078
5990
1614
9287
6692
6825
214
7640
237
6872
4890
2510
1023
4199
1874
2571
831
9688
8427
6288
3165
9429
7649
9132
8198
1466
4843
9778
4530
794
3840
8835
5459
8920
5314
994
3973
7508
3479
2836
8081
2474
3394
1026
1894
9189
9863
560
7719
2525
271
5542
5989
5834
9604
2962
5675
9019
5849
413
9785
8071
6910
3231
8201
3320
544
9947
1291
3342
45
4497
5013
2689
7962
8081
8537
1308
2017
6079
3438
6386
869
3494
5496
2903
5587
7976
2499
886
9626
8298
6129
2788
5531
9314
5904
480
5003
9749
4932
645
3193
5535
5601
2298
7755
1200
1543
3979
6973
4657
6394
2389
2219
4896
6705
6573
5677
9
8971
6233
7417
2749
2437
1461
5745
1764
678
9417
6197
2724
3845
8315
6859
1781
5476
42
8686
367
3276
9814
6591
9920
5916
8812
8241
6336
9265
192
8553
331
1873
3002
2393
6662
8715
6477
209
3006
3734
1751
7992
9477
2249
6241
6282
659
242
5416
3656
7012
6515
7905
9524
9915
4177
5817
2534
2230
884
9458
3095
7470
5255
1052
3703
8656
1967
4615
7516
7692
2627
9316
5507
9058
7319
9676
8516
7017
9137
8671
8991
9614
6814
6367
6897
7279
3991
2931
8879
1031
6549
9873
3903
7650
916
6539
7199
2450
9494
4895
1426
5946
7763
8182
8919
8586
8485
1369
6089
4207
799
9290
9458
7351
45
2731
351
7738
4249
2340
9204
2507
4660
7710
5255
5692
3925
2063
614
5076
4674
7024
9799
1570
6583
8126
3427
1256
2283
3224
4767
9787
4503
271
608
8038
4712
4512
5049
4343
6552
1178
3682
3501
8112
986
6890
5196
4345
6511
8216
4543
7009
288
3267
1870
2345
2046
4292
3923
8452
3216
2496
735
3766
9514
9632
4421
8440
2526
8141
2673
9178
4477
4801
8470
7987
6978
4552
2786
7477
7192
4175
6665
1669
2303
3267
9921
2701
566
5274
2594
1605
2364
7213
7292
2639
7349
3033
6057
9701
9190
5457
6514
5806
601
5147
4191
8280
1837
8445
7732
5063
7891
1335
1420
2175
8863
9004
2682
4991
3594
2815
5492
5369
4525
9709
8809
7716
90
3702
4872
8820
4472
4551
6458
9767
8854
2168
1168
745
6076
7929
5589
6676
7517
1331
3681
8039
6810
3117
4661
4380
7367
610
6353
2799
6721
3657
4204
3247
2627
890
7053
9645
844
8406
5682
7172
9342
4240
6779
8708
447
4299
4837
5306
9930
1288
7680
7436
7221
6657
5344
5258
1248
7415
4852
4939
8898
6766
4579
3870
903
9634
9255
8625
3936
8046
8402
4422
5667
5573
7395
6358
8720
3855
6580
5024
1770
7134
1993
6382
7381
2014
1206
9181
677
3300
2564
717
6746
1385
2139
2702
6705
148
5041
4943
8664
3281
4317
1409
242
6170
1525
5497
1506
2519
5542
7527
6015
9877
8334
8917
5700
5321
6153
7128
9756
2257
7195
7618
1038
6720
4787
8044
2454
29
2226
741
2350
7061
7339
8525
3858
6559
1089
8478
1533
7792
5833
2173
4690
9795
1464
7922
3830
2095
384
8892
7162
8652
7012
5600
1403
9545
4890
2539
2046
8450
8568
6399
9974
2648
1502
6094
5549
552
4022
1027
2311
7889
5180
552
9039
6395
7579
8007
9670
1969
4358
2842
655
5884
289
9362
4827
4818
3173
7262
2014
6969
229
6859
6001
1141
1694
1416
3519
9860
2158
6688
6981
2799
3669
2428
9982
3193
6144
1551
2675
9733
2964
9646
5618
6877
4744
3781
4939
2342
711
371
3629
1685
3727
4993
7540
4053
8318
3666
5773
3725
438
4482
3571
6450
9668
2933
7526
3877
3773
8765
7960
1381
2662
5186
6822
250
518
7024
8800
7734
3332
7718
8652
1190
8816
504
6742
5661
4594
7229
4917
3235
6654
8997
4299
6322
9819
5827
9583
3093
3788
3766
6194
1249
9349
9574
4545
6735
9832
5327
9092
6767
6196
2257
1401
4674
3454
8714
6120
1043
3204
5985
4391
9845
7180
1878
7167
4146
8227
7371
9389
5958
6897
3186
4957
9815
4431
299
3748
3338
4971
2893
242
2926
1184
2619
3949
8042
360
1208
3836
8813
9642
9146
2757
2998
1923
3633
9564
3157
559
807
7116
9519
376
1895
5054
766
5001
6305
4405
5405
4257
1391
1520
4840
6672
5050
7867
2541
3162
4994
3338
4037
9519
13
9827
9312
8469
8657
5210
2573
1099
1067
6354
6459
2245
872
4709
1977
9147
3751
9068
2580
1806
4205
4908
9129
3168
8835
6934
4239
8865
478
2257
2397
4692
3345
1680
449
3007
1400
4853
3150
6921
5663
6799
7967
3447
3873
7867
3532
4142
6540
3222
6154
1926
6811
6060
9450
8198
6847
1317
9789
263
4680
8767
3315
2051
8376
8628
7993
1254
4745
6527
4766
5447
2244
6651
23
5240
2630
6535
4534
2607
5279
681
9930
6696
7968
5558
9032
2425
6858
8412
3052
389
1812
7516
3303
6525
3477
7984
1289
9421
9294
6235
6604
8814
1830
9863
3249
830
6957
3038
8437
7289
8242
3144
1574
2471
3385
3574
5234
2281
5840
9331
9850
1938
3035
9952
2607
3908
8376
1033
8054
5500
1282
7152
7596
1900
1570
5606
5381
4862
3516
31
2997
2290
1303
8868
1670
5728
25
1804
4658
8349
4503
7483
2189
5182
3576
194
9515
4501
4283
6840
3065
8448
4696
4937
1294
7855
175
2209
1027
1914
3156
1084
2833
3913
2024
7826
4974
6497
2556
3509
9441
4288
8300
8191
115
7415
2836
2837
5147
2628
957
2815
5140
4108
1796
6033
7060
4180
9999
6283
8331
5738
2402
9735
7498
7517
1019
4167
1074
3986
1798
3216
2149
4121
5318
7045
3907
1018
7989
1017
2578
3029
2635
7463
3442
3438
477
2556
8099
2828
157
4950
4465
2873
3972
6000
3240
4155
4235
1533
4347
8344
658
426
5214
6413
8347
6695
4918
570
6637
8910
931
3355
7237
382
1976
9343
6381
1717
9635
6859
9149
3688
7373
4066
1385
5670
1003
3646
9466
4247
9829
3248
946
1332
5802
2037
3928
2883
5311
6523
4753
827
530
9864
7240
4024
8461
1439
4262
3429
6102
3925
2752
1455
2923
6759
3594
9568
7836
2586
1050
9403
7418
8207
4444
1187
1620
5665
7498
1487
1305
9262
3036
5177
8388
2537
9090
1323
1101
5493
9435
9504
7772
6672
2878
2584
4639
449
8265
9751
4264
8751
586
3435
1786
3818
7574
9077
8457
2461
2608
4240
8443
6703
8692
5635
4586
8650
1597
4838
5724
4895
2083
8935
2599
1181
2963
8628
8508
651
3189
6271
8912
4993
955
1956
1143
1424
7751
9199
6891
2192
6927
3584
6124
2048
6741
2589
3539
4940
8730
2409
9469
1387
4812
2612
1059
2445
6691
2768
7666
4929
163
6900
4227
69
1152
4454
9522
8869
3019
4181
553
8388
7618
6800
4405
5390
8769
9662
4782
8057
8614
7710
7537
8338
3210
8632
840
1939
697
5171
2284
7247
5406
488
9642
9863
5466
9067
6343
5562
8544
3489
2218
3958
2857
5064
7529
4455
4534
2278
2601
281
3599
9457
2499
5906
2307
6598
8154
7081
3723
6204
8667
9555
8254
2520
3473
9507
9287
9288
6034
4686
6151
9319
5143
1457
6339
1481
4691
241
5016
2559
9214
5085
4797
3842
1727
3229
7039
3463
5582
1149
4251
3614
9675
6752
1648
2278
8485
9136
9070
9596
9492
2641
6114
1898
9666
1626
5642
4178
2959
4796
7889
8052
2227
4584
7782
4721
2918
9809
6834
6571
3611
4600
860
2962
3130
3350
1263
8628
5282
5212
2421
1111
3991
3701
9863
7058
3816
1134
9978
574
6036
3802
1989
5960
1112
4919
9150
2448
2528
61
2527
8195
4250
4728
4899
9367
9020
5594
7452
7821
3603
3690
1441
8650
4430
4667
4072
4222
202
6447
6643
7826
3746
51
5190
8924
9908
9691
341
2487
1022
8661
4462
6793
6636
4960
2686
662
4743
8202
1356
9796
9924
9896
1210
8408
4158
260
8111
3342
4153
39
2021
1950
7476
128
3015
1388
7441
2205
497
3104
3454
5330
259
2595
656
125
6956
8423
9641
3247
993
3462
1436
3736
8232
5338
693
4407
1070
5265
1438
4331
5670
3712
9417
7760
1259
6044
9831
8233
782
3048
3267
2363
5251
8248
1668
5582
7021
5591
4316
2800
1295
5990
1219
5824
9603
2252
7983
6097
2116
3546
3556
1019
5969
9769
8006
6497
5462
7792
8823
7223
2559
2867
4868
974
6173
1349
2834
6185
438
5803
2375
357
1479
8620
8710
2020
4791
2766
385
9286
8975
2465
7743
1643
9012
8844
2976
834
3571
649
4544
1927
5418
4324
4763
4368
6197
1826
5365
5598
119
503
544
7088
8299
556
6044
2945
2260
6668
4053
6520
1505
3312
4782
7196
6753
2606
9105
8447
8799
4553
7999
4884
3090
5623
245
4442
6828
4291
117
8800
9046
6914
5689
9742
1981
1652
5636
9170
9946
2755
8980
5857
7922
5569
8408
3861
4371
250
1226
199
6417
5386
9227
5290
9408
3134
147
1874
859
471
467
2205
5542
1333
104
4031
5230
1083
7842
8328
5001
9993
2334
5863
6260
6929
1725
6444
33
523
7080
6971
7336
9122
8004
7214
7698
5424
9758
2733
3511
4290
7088
9533
1839
4677
7041
3765
2867
1903
8506
4227
6343
9129
6703
4372
1044
3543
7323
8089
9117
1122
8573
1441
5973
4830
7867
7517
2718
6424
6498
5450
6780
7855
82
9111
5192
2692
5497
2600
838
1227
1191
8693
4104
5324
99
8317
5817
8224
6385
8224
4132
4468
8229
9567
2831
8364
5828
4503
2774
4262
8783
4298
2575
5414
7495
6035
9956
4308
1354
108
4327
3046
7245
8901
5883
7330
3615
4746
5464
4621
5419
5378
5669
7780
5580
8381
8071
5851
2429
4405
4604
1877
4512
1779
9960
8269
8414
7132
629
6760
7038
7509
659
3260
1496
2863
3290
9033
4581
5150
9508
2833
2043
2376
6975
9388
3009
1909
8827
2551
8414
6924
4819
2749
5735
9198
9928
474
894
6689
2395
3472
210
0
2864
5214
1412
8532
7524
8455
5979
7712
4241
4765
8116
7129
4669
7465
1440
5604
6757
8137
2777
9282
1556
1448
805
8603
9716
3210
8053
5599
5491
4171
9370
8818
5892
9299
9070
7330
5963
4041
1192
3151
1974
3352
9637
9224
3198
3120
9049
6839
9110
1032
7431
559
1908
387
3150
6567
9459
7390
2454
6302
936
7929
4834
3277
8116
8836
1367
7556
838
7051
9328
7366
9775
4250
4374
9941
3450
6185
1048
4361
7490
2791
3892
3144
929
1449
7779
3592
8902
5815
5404
4872
7555
67
5282
4976
3049
3966
6250
5899
7968
7868
496
7629
3977
2870
5052
1455
4320
6313
3428
1833
7640
9974
8483
8231
6148
9819
1419
9580
931
8677
4267
980
3624
3761
7925
3906
2099
4285
87
1535
5133
1446
140
2051
8663
1793
2007
6242
2580
6320
1193
6676
2392
234
2925
5297
4881
6731
8780
2426
7949
4045
3331
2123
4415
1902
5746
8301
6612
7484
2423
947
9461
7089
2098
1517
3375
3778
1331
8009
1401
8278
4663
2197
7202
1399
1394
1237
7556
3067
7950
9472
325
9588
590
8818
8823
3316
6004
1652
7507
8623
7599
1432
1659
1842
2392
9839
7650
9249
5706
374
207
5037
1408
4798
710
6914
7902
6658
9238
8085
2254
7776
6431
6605
263
4648
9406
488
7685
3504
8178
3039
2159
3438
5619
9016
9164
1016
7673
4581
6294
8852
6615
2412
9456
784
6420
9539
2331
5871
6659
2930
9976
5894
4255
9223
6189
3043
2704
5802
1761
3815
3280
3315
9158
7322
4977
9035
4854
4807
4206
7315
1640
6602
7251
3126
4112
9382
948
4772
1471
3842
8516
2501
6117
2261
1861
4610
8249
7283
4147
1363
2666
2927
5709
723
5268
7864
9213
6929
7597
9514
1860
5635
7046
9141
4351
4360
262
3670
801
4575
6159
2910
2242
6267
995
1694
1439
3753
9277
2306
1976
5940
9288
4187
3971
8995
4503
1140
7646
6448
9363
8780
2152
9543
3362
3169
1795
9161
6132
1844
8547
7506
1075
5264
9071
5441
5063
3538
7835
226
3619
4440
4
1038
5667
7035
8618
2276
9319
7043
9577
9402
2157
8716
5766
6217
9911
3686
7080
8626
7120
3874
7022
6197
1008
1286
8931
4777
8558
1913
4075
6798
314
7121
7892
5131
2919
3269
4326
3553
9298
8790
6816
7813
9493
4036
8663
9579
9401
2932
5263
3702
3216
1794
8301
5922
5289
4693
8211
4067
7812
8572
1746
5064
5094
7773
5928
4951
1143
3888
9772
1992
8070
5492
2678
5092
4145
2778
3291
4980
837
2105
284
9982
6229
4932
2913
9946
6188
6750
9624
4850
4512
4999
7741
795
8207
7018
9985
2788
5202
5169
2329
6702
6935
4799
5834
7737
7444
2496
2205
5692
6023
2828
6147
9108
5136
2794
1294
948
4883
1632
6107
7896
2478
2693
1443
8975
3153
2353
4927
4833
6028
5560
6286
7814
3944
6589
7828
2741
7108
7878
4195
8848
370
3206
176
9719
7559
6339
7998
5377
7823
6455
9578
7006
85
8519
5850
8874
8604
4408
7767
5549
5728
9805
5561
4856
8594
3469
3879
5895
3655
5159
7666
5602
9072
3304
4177
1148
9040
7974
3522
1676
9658
5940
3928
3831
3446
8213
6825
37
4912
6800
4766
6205
2327
8309
5914
8756
7141
5247
3357
8624
4744
6327
3463
9449
1670
2218
9137
4045
5498
5718
4922
9855
4405
8782
5447
9949
1498
5764
9158
4674
7219
9265
1930
8682
9147
7939
7443
1885
7242
6407
7729
9430
7526
5286
464
7225
5076
1318
3991
1944
7552
9071
1677
4094
1813
7216
1809
504
6372
7679
4880
5874
5087
6727
1795
3748
2508
9459
7258
9661
240
796
1468
4924
2057
3380
6029
4595
3041
563
4417
5809
5530
476
7088
5898
3371
9473
1106
8038
1157
1373
3561
2974
52
4243
9383
5217
4743
9176
9916
104
9746
9280
3894
586
5833
2024
7170
1299
6085
5993
2485
9874
1653
5937
4130
1486
6495
1625
2958
8675
2636
6731
817
9271
3415
6192
6770
4255
1077
2424
7281
9196
465
7679
698
139
1585
4460
4194
935
8431
5696
4037
7866
4298
8344
1237
1994
8883
9383
6461
3879
4686
5753
5940
249
1620
2586
5661
1071
5200
3840
6874
9170
3185
253
9055
8079
6247
6278
5679
1322
7871
7344
2683
6178
1548
1760
5646
2025
5055
5420
8742
3169
3746
877
7512
9624
4992
6503
2363
4389
4285
2907
3139
5435
1837
6922
2986
6341
9775
9710
6947
8678
5092
7307
8348
7351
1768
2703
3238
4052
9173
2191
4161
6519
5982
9952
7075
8989
4236
2539
4160
232
53
3576
8128
2304
485
14
2560
5573
1838
3333
8570
8345
6201
1618
8422
8093
4982
1665
450
1151
9484
9057
1569
1459
8684
3339
8217
3154
5851
4867
3899
2567
1219
4511
8754
4636
2151
5444
4189
8791
7634
8045
3624
6009
636
2786
2718
1629
2476
3804
2374
7281
8309
8109
2243
1229
3426
9381
5030
5161
2570
1644
8916
4339
2100
9982
2202
2166
7358
3296
1405
5051
8628
4744
765
870
7029
7493
9852
928
4172
5625
5777
7524
3784
4281
1145
9408
9827
6
2543
9511
4300
8252
6806
3847
5617
1447
8894
838
7961
381
5825
6326
4651
4464
4876
5719
3976
8714
9754
608
8659
1257
303
8454
3982
327
6570
2431
8258
9327
5281
9745
5460
2438
3199
4151
5384
8294
9110
6126
5900
1790
3412
52
6789
7002
1252
7497
4328
3525
3351
6245
8461
8886
2179
5965
5401
2989
5677
741
1068
3678
5980
1424
9853
9249
5559
1848
3019
6930
9829
1321
9858
3090
49
8353
1912
2768
6445
4659
945
304
2855
3506
5024
1852
5775
3295
9740
2276
1181
8625
4479
7492
7219
2387
7023
5563
7188
3803
4839
7686
6578
6619
6534
8727
1963
7380
6393
4978
6401
6168
9492
729
547
5161
6178
7635
5668
7530
1026
4447
697
1100
1661
7807
152
7872
8918
239
1172
2825
3252
6719
7972
4601
8762
1823
825
7674
4706
1214
1205
9687
9378
8672
5573
3371
9156
6215
843
7038
9598
8163
6334
4510
5569
4128
1116
3073
7107
9469
5234
3990
1184
6779
465
7930
4917
4521
209
820
3143
3771
7078
8807
3288
7887
8232
7355
8886
3194
2442
228
8822
6164
1336
5073
7445
3324
6672
9689
204
7869
7236
8352
1901
9359
703
4244
4823
2393
9413
2565
5413
8346
8330
549
8104
7609
8229
2620
3140
6223
9466
4954
6394
4918
2302
1881
7334
9555
9113
3074
2876
1286
1842
8860
3915
9326
1450
7639
6837
3339
5521
5477
2155
8610
1738
3179
2571
8108
1695
4204
8103
1608
5053
9735
1018
5151
8320
4629
3608
7775
2208
9073
3776
4523
7096
8535
4274
9581
7785
9775
7405
1829
1467
203
3786
4692
5114
9617
1027
9056
3482
4869
9231
4956
1932
6323
1850
3273
5747
2494
3504
1606
7095
405
4998
4358
3387
7602
4009
6483
4641
4766
5064
5050
5258
4024
7025
6589
6270
5204
2869
8136
4924
1681
9415
6615
5863
2851
3020
2943
8316
1466
2990
3839
8783
6603
8883
7017
6765
3304
4721
137
8225
4641
8586
4593
615
7990
1872
4552
5259
3311
5549
9070
9614
3090
7274
6911
3883
4136
861
8988
7847
8299
5855
373
9264
3320
1726
2310
4298
1440
4934
1255
5500
4064
8991
7140
9041
5583
1962
917
1910
1691
8222
2483
3435
1719
4431
7222
8586
6186
1557
194
7645
1510
5733
6026
9638
4333
317
8187
3925
4779
5290
9030
9248
7474
6290
6229
3297
3099
1022
8409
8133
8729
6186
4048
3886
9791
4343
8258
3556
1283
5912
9227
7239
2319
3514
1920
7101
9719
9938
2742
4798
7440
9032
593
3755
9369
3074
2909
6718
287
7102
155
9558
1628
7924
3887
4374
7102
1266
3369
9188
5103
3324
8519
8304
8935
8258
5229
1064
9852
8059
6699
8548
610
8715
5321
5407
9420
8223
5856
3713
7959
6764
3640
2541
3331
6566
7530
1968
6048
2039
5935
2415
2694
6028
3586
6343
7380
2048
525
8145
6184
2195
1942
4019
7014
1581
1912
5123
9918
5317
1984
2988
6690
4564
6854
6636
3008
8310
926
3951
3939
4872
4522
7268
4499
3246
4541
4668
4803
2217
6250
983
3771
3071
4086
5941
1343
8296
4374
4488
5013
786
6145
9398
8349
5598
1205
7517
915
8590
3312
8897
8053
2842
3138
5186
9498
2193
3276
985
1564
8688
6904
8351
337
2084
259
5323
943
6090
2924
9509
3802
6112
935
137
4862
4103
4047
5169
9403
9972
8387
3153
1017
5298
3669
7529
1449
4204
3619
7984
7812
9609
7534
6790
1889
4365
164
4039
4934
5858
6195
6410
3047
7595
4451
5568
6424
691
267
6882
1283
5167
9746
2868
6440
101
736
1977
140
8980
2474
472
5495
2032
7039
347
5791
6349
9433
5911
8576
96
595
5165
4611
1793
3514
7734
4948
8898
5091
7037
2680
8122
7266
425
29
3869
4972
8478
6495
3089
6607
2973
8151
3621
5625
4547
9864
6382
3164
4042
2076
101
6941
542
3824
2823
6279
696
5203
8824
6198
4017
6512
462
7209
1355
3753
6638
1864
2888
2722
2293
5641
1344
8006
4874
4378
5320
843
3332
6865
5672
3224
9919
8069
9833
2668
4632
5295
3298
6712
6717
9786
5527
4023
4133
8062
4937
376
4764
6965
3975
9944
3759
2025
9802
744
1449
2174
8646
3783
6412
5289
8299
5002
4343
8533
2083
7221
3953
6127
9935
8695
7100
5489
3955
7481
8847
9531
3937
5820
7311
4299
7643
491
2211
4716
2446
2931
97
2325
818
2528
7767
9820
677
8195
8855
7471
2397
9009
1001
3365
9438
556
7275
5349
7078
8442
5579
7044
5710
5746
6591
2207
3141
1779
8506
2552
7946
6002
4135
1047
6565
9440
7995
5748
4246
9142
4412
3567
3519
1840
9568
6836
1022
4935
5648
2237
1572
3481
3363
9567
7548
7731
8143
281
3211
9325
2809
284
1642
8422
3119
9799
6553
2261
9787
5786
5898
3763
1353
4220
4348
7744
3725
6862
6262
3432
4862
4923
8169
9489
3050
4847
2211
7887
8246
5949
4753
9648
8896
2563
9584
5766
3108
4243
4313
1427
6302
3531
7001
1563
586
939
7561
1408
7320
5680
4402
7135
9598
1280
6302
4878
7658
195
954
8000
5137
9813
7192
2806
9707
9449
3069
6398
3379
9304
6029
7465
1625
7164
4534
8185
2219
9393
9123
1854
8320
6756
2438
35
5015
5503
737
2247
5785
7904
3669
4213
1091
6102
7025
3239
1364
4380
47
9088
8953
7857
1388
4609
2758
9913
8714
7033
2704
4124
6694
3416
3660
287
1820
5807
9294
3202
1988
3243
2397
2976
4521
5361
5711
5720
6270
9987
10000
7134
2256
3992
395
9958
6188
8843
9241
7534
1513
3790
4689
7108
1678
5556
62
8398
8352
6990
260
2693
8126
4189
2581
7769
1467
8841
600
3986
240
1625
4018
5064
130
6299
6257
759
8874
9803
4238
4864
9991
7326
7263
5001
8330
7438
5964
1139
605
1264
2126
407
3694
9840
317
5843
3187
4015
8256
9274
6085
8386
8752
5439
2309
1730
8297
3264
2325
2010
4966
3207
8499
6844
9761
533
6410
9397
5233
3102
7855
175
1450
2280
3842
3108
8009
3769
3092
2846
1567
4923
2379
3951
5342
2937
6251
4178
9681
4468
2852
4184
2676
9944
862
9310
857
5866
706
1909
9763
7091
7268
3896
5320
7237
2268
1625
9916
9007
8109
1390
3472
562
7466
3973
5832
1197
7907
7139
7071
3380
2141
5930
7438
2780
3198
3879
9016
4817
1952
2741
4701
7229
8735
6219
1244
3430
9275
3835
6541
205
8893
3707
3259
124
321
188
6786
674
7575
5020
5870
6634
158
9110
2076
5465
4052
6971
1156
265
3790
1304
6254
4803
7642
9052
6661
2955
563
7042
1207
2190
2599
8166
9060
2125
6475
2106
8116
3373
2963
9830
8846
7519
5018
686
1052
3644
1827
9271
1927
3000
6010
5353
8277
9349
4056
7058
4817
2581
6215
4859
9756
4816
4131
2961
5834
7383
8069
6768
5946
7166
2548
970
5992
1164
1620
2658
241
5665
9419
5915
1924
335
6734
258
910
394
1241
996
825
3949
9452
3078
3538
8170
451
1398
5824
2532
762
3524
2781
1532
929
4159
3605
3052
252
8155
3379
8378
5666
5126
1329
9548
4363
7453
6967
7061
2413
4342
9861
5323
3624
3387
2578
433
1582
6855
3200
5370
1418
3001
8526
810
2805
4285
6321
638
9966
30
5566
2905
5313
7555
1417
6374
1314
7049
7736
8215
3522
1941
2506
7708
442
7748
9043
5292
2227
1647
3732
3712
6507
7046
6353
2096
9768
8491
5647
6377
3776
4039
5735
4752
7810
3198
3529
6387
2914
520
6369
485
8507
3543
9187
5258
9071
9701
1592
4404
6158
9015
7506
5478
4824
7075
4296
75
1282
2655
7306
4259
4293
7772
4532
3416
4427
3403
7843
2111
4808
541
3633
7514
1166
8791
4503
7431
8029
7928
4788
9715
7309
2091
3892
9885
5435
8522
2991
7004
7545
6737
247
5793
5099
5585
7131
7135
7892
5892
744
4724
1663
1728
6307
580
2007
8262
4895
8601
3239
6634
4651
8074
7824
7497
8261
468
8518
9362
3118
5677
6437
4748
5749
6539
9698
6116
1904
8593
7298
3089
4893
7707
5663
6033
9463
7201
2911
5306
7626
826
8303
9176
4653
5820
7654
620
770
8091
3425
9498
1978
7063
6555
5589
9664
2775
4311
6829
8791
2558
635
2443
2760
229
5710
3200
57
8333
1937
7717
5458
6227
7610
5814
1836
9590
9976
9109
7772
2458
3028
2080
6741
2946
3508
2676
6251
5577
9397
5572
7197
3915
7879
474
3380
6185
4399
9506
6018
7578
7467
7113
9068
8198
8387
2646
9849
9047
8719
4301
4123
4437
29
9502
2263
107
1074
7728
3752
7869
3756
8889
9041
3954
2885
1971
1115
2814
6269
129
7909
1284
1855
3853
7557
3808
7778
4664
1831
8339
8309
7306
7195
5448


0
0
2
2
4
4
4
6
7
9
9
10
11
11
12
13
13
14
17
19
23
24
25
27
28
29
29
29
30
31
33
34
35
36
36
37
37
38
39
39
40
42
42
44
44
45
45
46
47
47
49
49
51
51
52
52
53
56
57
61
62
65
66
66
67
69
69
69
73
75
77
77
78
81
82
85
85
87
87
90
90
91
92
92
93
94
96
97
97
97
99
99
100
101
101
101
104
104
106
107
108
108
110
111
113
113
114
115
115
115
115
116
116
117
118
119
119
124
125
125
127
128
128
128
129
130
130
130
131
131
133
134
137
137
137
137
138
139
140
140
147
148
150
152
153
155
156
156
156
157
158
158
159
161
162
162
163
164
165
166
167
167
168
171
173
175
175
176
176
181
183
184
185
186
188
189
190
190
192
192
193
194
194
194
195
195
198
199
199
202
203
203
204
205
207
209
209
210
210
210
210
211
211
212
213
213
214
214
214
215
216
217
217
220
220
220
224
226
226
227
228
228
229
229
229
230
231
231
232
232
232
234
234
237
239
240
240
240
241
241
242
242
242
242
245
245
245
247
248
249
249
250
250
250
252
253
253
254
254
257
257
258
259
259
259
260
260
262
263
263
264
265
266
266
267
267
267
271
271
271
271
272
273
275
278
281
281
281
284
284
287
287
287
288
288
289
290
290
292
294
294
295
296
297
297
298
299
299
299
299
303
304
304
304
305
307
313
313
313
314
314
314
315
316
317
317
317
319
320
321
321
324
325
326
327
327
331
332
335
337
337
337
337
341
341
342
344
344
345
347
351
351
351
353
357
357
357
358
360
360
364
364
367
370
370
371
373
374
376
376
376
376
380
381
382
384
385
385
385
386
387
387
389
390
391
391
392
392
394
395
395
397
397
399
400
402
402
405
406
407
408
408
411
411
412
413
415
422
422
424
425
426
428
428
428
432
433
433
435
437
437
438
438
438
440
441
441
442
443
444
445
447
448
449
449
449
450
451
451
455
457
457
458
458
460
461
462
463
464
464
465
465
467
467
468
469
471
472
473
473
474
474
476
476
477
478
480
480
482
485
485
485
487
488
488
488
488
491
494
495
496
497
497
499
500
500
502
502
503
504
504
504
504
504
505
509
510
511
516
518
518
520
520
520
520
522
523
523
525
525
526
526
528
529
529
530
530
531
532
533
533
535
535
537
537
539
540
541
541
542
544
544
547
549
550
551
551
551
552
552
552
553
553
555
556
556
556
556
559
559
559
560
561
562
562
562
563
563
565
566
566
567
569
569
570
570
570
571
572
574
574
574
574
574
577
578
580
581
583
585
586
586
586
587
587
588
588
589
590
590
593
593
593
594
595
597
597
598
600
600
601
605
606
608
608
610
610
614
614
615
615
616
617
620
620
622
623
623
623
626
627
628
628
629
629
630
634
635
636
636
638
641
642
643
643
643
643
644
645
645
646
648
648
649
651
652
653
654
655
655
655
656
658
659
659
661
662
662
666
668
670
672
672
674
674
676
676
677
677
677
677
678
680
680
681
681
683
683
685
686
687
690
691
692
693
694
694
695
696
697
697
698
698
698
699
702
703
703
705
706
707
707
710
711
715
716
717
719
720
721
722
723
727
729
731
731
731
732
733
734
735
736
737
737
738
740
741
741
742
742
743
744
744
745
745
748
750
750
750
752
756
758
759
759
762
763
765
765
766
766
770
771
772
774
774
775
778
778
780
782
782
784
785
786
787
787
788
788
789
792
794
795
796
797
798
799
799
801
804
804
805
806
807
807
810
812
812
813
815
817
817
818
818
820
821
824
825
825
825
826
827
828
830
831
832
834
835
836
837
838
838
838
839
840
842
843
843
843
844
847
847
851
851
851
853
853
854
857
857
859
860
861
861
862
864
864
867
869
870
871
872
872
872
872
872
875
876
877
877
878
878
880
884
884
884
884
886
887
887
890
890
893
894
899
899
900
903
903
906
909
910
910
912
915
916
916
917
920
923
926
927
928
929
929
929
929
931
931
931
932
935
935
936
936
936
938
939
939
942
942
943
945
945
946
946
946
946
947
947
948
948
950
951
951
952
954
954
954
955
955
957
957
960
960
963
968
969
970
970
971
972
974
974
975
978
978
980
980
980
980
982
983
985
986
990
991
992
992
993
994
995
995
996
999
1000
1001
1001
1003
1003
1003
1006
1007
1008
1008
1009
1011
1014
1014
1015
1015
1015
1015
1016
1016
1017
1017
1017
1018
1018
1018
1019
1019
1019
1019
1022
1022
1022
1023
1023
1025
1026
1026
1026
1026
1027
1027
1027
1027
1027
1028
1029
1030
1031
1032
1033
1034
1035
1038
1038
1041
1042
1043
1044
1044
1046
1047
1047
1048
1048
1050
1051
1051
1052
1052
1052
1052
1052
1054
1059
1059
1059
1060
1063
1064
1064
1064
1066
1067
1068
1068
1068
1069
1070
1071
1072
1074
1074
1074
1075
1077
1077
1078
1078
1081
1083
1083
1083
1084
1084
1086
1089
1090
1091
1091
1092
1096
1098
1099
1099
1099
1100
1100
1101
1104
1105
1106
1107
1110
1111
1111
1112
1113
1115
1115
1116
1118
1118
1119
1119
1119
1122
1124
1125
1126
1128
1128
1133
1134
1139
1140
1141
1143
1143
1145
1145
1148
1149
1151
1152
1152
1152
1152
1156
1157
1157
1159
1159
1161
1162
1163
1164
1165
1166
1167
1167
1167
1168
1171
1172
1172
1173
1177
1178
1178
1181
1181
1181
1181
1184
1184
1184
1186
1187
1190
1190
1191
1192
1192
1193
1194
1197
1199
1200
1201
1202
1202
1205
1205
1205
1206
1207
1207
1208
1208
1210
1212
1212
1214
1215
1219
1219
1219
1220
1220
1223
1226
1227
1227
1227
1228
1228
1228
1228
1229
1231
1233
1236
1236
1237
1237
1237
1237
1240
1240
1241
1244
1244
1248
1248
1249
1249
1252
1252
1254
1255
1255
1255
1256
1256
1256
1257
1259
1260
1260
1262
1262
1262
1263
1264
1264
1266
1266
1267
1272
1273
1273
1273
1277
1278
1278
1279
1280
1281
1282
1282
1282
1282
1283
1283
1284
1286
1286
1286
1286
1288
1289
1290
1291
1292
1293
1294
1294
1295
1296
1297
1299
1301
1303
1304
1304
1305
1306
1308
1308
1314
1314
1315
1317
1317
1318
1318
1320
1321
1322
1323
1323
1323
1325
1326
1329
1329
1331
1331
1331
1332
1333
1335
1336
1336
1337
1339
1342
1343
1344
1344
1345
1345
1347
1349
1349
1350
1351
1353
1354
1354
1355
1355
1356
1357
1359
1359
1360
1363
1363
1364
1364
1365
1365
1366
1366
1367
1369
1369
1373
1373
1375
1381
1382
1385
1385
1387
1388
1388
1389
1390
1390
1391
1391
1392
1392
1393
1394
1395
1398
1399
1400
1401
1401
1401
1401
1403
1404
1405
1408
1408
1409
1410
1411
1412
1412
1415
1415
1416
1417
1418
1419
1419
1420
1424
1424
1425
1426
1427
1432
1433
1434
1435
1435
1435
1436
1438
1438
1438
1439
1439
1439
1439
1440
1440
1441
1441
1441
1443
1444
1446
1447
1447
1448
1449
1449
1449
1449
1450
1450
1450
1451
1454
1454
1454
1455
1455
1455
1455
1456
1457
1458
1459
1461
1463
1464
1466
1466
1467
1467
1467
1468
1471
1471
1471
1473
1474
1478
1479
1479
1479
1480
1480
1481
1482
1483
1486
1487
1488
1491
1492
1496
1496
1498
1499
1502
1505
1506
1506
1507
1507
1508
1509
1510
1512
1513
1513
1517
1520
1520
1520
1524
1524
1525
1532
1532
1533
1533
1533
1534
1535
1536
1539
1541
1542
1543
1544
1544
1546
1546
1547
1548
1549
1551
1551
1554
1556
1556
1557
1557
1558
1558
1560
1561
1563
1564
1565
1567
1567
1568
1569
1570
1570
1570
1572
1572
1572
1573
1573
1574
1575
1577
1578
1580
1581
1582
1583
1585
1585
1586
1586
1587
1588
1589
1589
1590
1590
1592
1592
1593
1594
1595
1597
1600
1602
1604
1605
1606
1606
1608
1609
1611
1613
1613
1613
1614
1615
1616
1618
1618
1619
1620
1620
1620
1624
1624
1625
1625
1625
1625
1626
1628
1629
1632
1634
1635
1636
1637
1637
1640
1641
1642
1642
1643
1644
1646
1647
1648
1652
1652
1653
1655
1656
1656
1657
1657
1658
1659
1661
1661
1661
1663
1663
1663
1665
1665
1665
1666
1667
1667
1667
1667
1668
1669
1669
1669
1670
1670
1670
1673
1676
1676
1677
1677
1678
1679
1680
1680
1681
1683
1684
1685
1685
1689
1689
1691
1694
1694
1695
1701
1702
1703
1705
1710
1712
1712
1714
1717
1718
1718
1719
1721
1722
1723
1723
1724
1725
1725
1726
1727
1728
1728
1729
1730
1730
1731
1732
1732
1732
1735
1736
1738
1739
1740
1740
1742
1744
1746
1747
1748
1749
1749
1751
1752
1752
1753
1754
1759
1760
1761
1764
1764
1766
1768
1770
1770
1770
1771
1772
1776
1777
1778
1779
1779
1779
1779
1780
1781
1781
1782
1782
1785
1786
1787
1789
1790
1791
1791
1791
1791
1793
1793
1793
1794
1795
1795
1795
1796
1796
1796
1797
1798
1798
1798
1800
1802
1803
1804
1804
1806
1807
1809
1810
1810
1812
1812
1813
1820
1822
1822
1822
1823
1825
1826
1827
1827
1829
1830
1831
1833
1835
1836
1836
1836
1837
1837
1838
1838
1838
1839
1840
1841
1842
1842
1843
1844
1846
1846
1848
1850
1851
1852
1852
1853
1853
1853
1853
1854
1855
1855
1855
1860
1861
1862
1864
1864
1864
1870
1871
1872
1872
1872
1873
1873
1874
1874
1874
1876
1877
1878
1878
1878
1881
1883
1884
1884
1885
1885
1888
1889
1890
1891
1892
1894
1895
1895
1896
1898
1899
1899
1900
1900
1900
1901
1901
1902
1902
1903
1904
1906
1907
1908
1909
1909
1910
1912
1912
1912
1913
1913
1914
1914
1914
1915
1916
1917
1918
1920
1921
1922
1922
1922
1923
1924
1926
1926
1926
1926
1927
1927
1930
1931
1932
1932
1933
1933
1934
1934
1935
1936
1936
1937
1937
1938
1938
1939
1940
1941
1942
1943
1944
1944
1945
1945
1946
1947
1947
1949
1949
1949
1950
1950
1950
1951
1952
1954
1954
1955
1956
1958
1958
1959
1962
1963
1967
1968
1968
1968
1968
1969
1970
1971
1971
1973
1974
1974
1976
1976
1976
1977
1977
1977
1977
1978
1978
1979
1979
1980
1981
1981
1984
1987
1987
1988
1988
1989
1992
1992
1993
1994
1998
1999
2004
2006
2006
2006
2007
2007
2007
2008
2008
2008
2008
2009
2009
2010
2010
2011
2012
2014
2014
2014
2014
2017
2020
2020
2021
2022
2023
2024
2024
2025
2025
2029
2032
2034
2036
2037
2037
2039
2039
2042
2043
2045
2045
2046
2046
2048
2048
2049
2051
2051
2051
2057
2058
2061
2063
2063
2065
2066
2067
2070
2070
2072
2073
2074
2074
2075
2076
2076
2080
2080
2081
2083
2083
2083
2084
2084
2084
2085
2086
2089
2089
2090
2091
2091
2092
2095
2096
2096
2098
2098
2099
2100
2101
2102
2102
2103
2103
2103
2104
2105
2105
2106
2109
2109
2110
2110
2111
2111
2113
2116
2119
2120
2123
2123
2124
2125
2126
2127
2132
2133
2133
2136
2137
2139
2140
2141
2143
2145
2145
2147
2148
2148
2149
2149
2151
2152
2153
2153
2155
2157
2158
2159
2162
2164
2166
2168
2168
2170
2173
2174
2175
2175
2178
2179
2179
2184
2185
2186
2189
2189
2190
2190
2191
2191
2192
2192
2193
2193
2193
2195
2195
2196
2196
2196
2197
2199
2200
2202
2202
2203
2204
2205
2205
2205
2205
2207
2208
2208
2209
2211
2211
2212
2213
2213
2214
2214
2216
2217
2218
2218
2218
2219
2219
2220
2223
2223
2224
2226
2227
2227
2229
2230
2231
2231
2232
2232
2233
2233
2233
2234
2236
2237
2237
2238
2239
2239
2240
2242
2242
2243
2244
2245
2246
2247
2247
2248
2249
2250
2252
2254
2256
2256
2256
2257
2257
2257
2257
2258
2260
2260
2261
2261
2262
2263
2263
2263
2264
2264
2264
2265
2266
2266
2267
2268
2269
2276
2276
2276
2276
2278
2278
2278
2278
2278
2279
2280
2281
2283
2283
2284
2284
2286
2287
2290
2292
2293
2293
2295
2297
2297
2298
2298
2299
2299
2301
2302
2303
2303
2304
2304
2306
2306
2307
2309
2309
2309
2310
2311
2312
2313
2314
2316
2317
2318
2318
2319
2324
2325
2325
2327
2329
2329
2329
2331
2332
2334
2335
2339
2339
2340
2340
2340
2340
2341
2342
2342
2343
2343
2343
2345
2349
2349
2349
2350
2350
2351
2353
2361
2363
2363
2363
2364
2364
2367
2369
2370
2370
2372
2373
2374
2374
2374
2375
2375
2376
2377
2379
2380
2382
2385
2386
2387
2387
2389
2390
2392
2392
2392
2393
2393
2393
2395
2395
2396
2397
2397
2397
2397
2397
2398
2401
2401
2402
2402
2403
2406
2407
2408
2408
2409
2412
2413
2415
2415
2418
2419
2421
2422
2423
2423
2423
2424
2425
2426
2426
2426
2427
2428
2429
2431
2431
2433
2433
2436
2437
2438
2438
2438
2439
2441
2441
2442
2443
2445
2445
2446
2448
2450
2450
2450
2451
2452
2453
2454
2454
2458
2458
2460
2460
2461
2462
2462
2465
2465
2465
2468
2468
2470
2470
2471
2471
2472
2473
2474
2474
2475
2475
2476
2476
2478
2479
2482
2483
2483
2485
2485
2486
2487
2488
2489
2491
2494
2496
2496
2496
2499
2499
2500
2500
2501
2502
2504
2504
2506
2506
2507
2508
2508
2508
2509
2510
2510
2512
2514
2514
2517
2519
2519
2520
2522
2522
2524
2524
2525
2525
2526
2526
2526
2526
2527
2527
2528
2528
2528
2528
2531
2531
2532
2532
2534
2535
2536
2536
2537
2539
2539
2539
2539
2541
2541
2542
2543
2543
2545
2548
2548
2549
2549
2551
2551
2551
2552
2552
2555
2555
2556
2556
2556
2557
2558
2559
2559
2560
2560
2560
2561
2563
2564
2565
2565
2566
2567
2569
2570
2570
2571
2571
2573
2573
2575
2576
2576
2577
2578
2578
2579
2579
2580
2580
2580
2581
2581
2581
2584
2584
2585
2585
2586
2586
2587
2587
2589
2589
2589
2592
2593
2594
2594
2595
2595
2596
2596
2597
2599
2599
2600
2601
2602
2602
2604
2605
2605
2606
2607
2607
2607
2607
2608
2610
2612
2613
2613
2614
2616
2617
2619
2619
2620
2620
2621
2621
2621
2623
2626
2627
2627
2628
2630
2630
2630
2632
2632
2633
2633
2633
2635
2635
2635
2635
2636
2636
2638
2639
2639
2640
2641
2643
2645
2646
2646
2647
2647
2647
2647
2648
2649
2650
2651
2655
2655
2656
2658
2658
2658
2660
2662
2662
2663
2664
2665
2665
2665
2666
2668
2672
2673
2673
2673
2674
2675
2676
2676
2676
2678
2678
2680
2680
2682
2683
2686
2686
2687
2689
2689
2692
2693
2693
2694
2695
2695
2695
2697
2701
2702
2702
2702
2703
2703
2704
2704
2711
2711
2713
2715
2716
2717
2718
2718
2719
2720
2722
2723
2723
2723
2724
2724
2724
2725
2725
2727
2728
2729
2731
2731
2731
2731
2732
2733
2738
2738
2738
2739
2741
2741
2741
2741
2742
2744
2744
2744
2744
2746
2747
2749
2749
2749
2752
2752
2755
2757
2758
2758
2758
2758
2760
2766
2767
2768
2768
2773
2773
2773
2774
2775
2775
2776
2777
2778
2778
2780
2781
2783
2785
2786
2786
2787
2788
2788
2788
2789
2790
2791
2791
2792
2793
2794
2794
2794
2794
2795
2797
2797
2799
2799
2799
2800
2801
2803
2803
2804
2805
2805
2806
2806
2808
2808
2809
2809
2810
2811
2812
2813
2814
2815
2815
2817
2820
2822
2823
2824
2825
2825
2826
2828
2828
2831
2831
2831
2832
2832
2833
2833
2834
2835
2836
2836
2836
2836
2837
2838
2840
2841
2842
2842
2842
2846
2846
2846
2847
2849
2851
2852
2852
2854
2855
2857
2859
2859
2859
2862
2863
2864
2865
2865
2866
2867
2867
2868
2868
2869
2870
2870
2871
2872
2873
2874
2875
2876
2876
2877
2877
2878
2878
2878
2880
2883
2884
2885
2885
2885
2886
2886
2887
2888
2890
2890
2890
2892
2892
2893
2894
2896
2896
2898
2902
2902
2903
2904
2904
2904
2905
2907
2907
2909
2910
2910
2911
2911
2913
2913
2914
2915
2915
2918
2918
2918
2919
2920
2920
2922
2922
2923
2924
2925
2926
2926
2927
2930
2931
2931
2931
2932
2933
2934
2937
2938
2942
2943
2944
2945
2946
2946
2947
2952
2952
2954
2955
2955
2955
2958
2958
2959
2960
2961
2961
2961
2961
2962
2962
2963
2963
2964
2967
2969
2969
2969
2972
2972
2972
2973
2974
2974
2975
2976
2976
2976
2977
2977
2978
2978
2979
2980
2982
2982
2983
2983
2985
2986
2988
2988
2989
2989
2990
2990
2991
2991
2996
2996
2997
2997
2997
2998
3000
3001
3002
3002
3004
3006
3007
3008
3009
3009
3013
3014
3015
3017
3019
3019
3019
3020
3021
3021
3022
3023
3024
3025
3027
3028
3028
3029
3029
3031
3031
3032
3032
3033
3035
3035
3035
3036
3036
3038
3038
3039
3040
3040
3041
3041
3043
3043
3044
3045
3045
3046
3047
3047
3048
3048
3049
3049
3050
3050
3050
3052
3052
3052
3054
3056
3056
3057
3058
3058
3059
3059
3060
3060
3060
3062
3063
3064
3065
3065
3067
3068
3069
3071
3072
3073
3073
3074
3074
3074
3075
3076
3077
3078
3078
3080
3081
3082
3083
3084
3087
3089
3089
3090
3090
3090
3091
3091
3092
3092
3093
3093
3094
3094
3094
3095
3096
3096
3098
3099
3100
3101
3102
3104
3106
3108
3108
3108
3110
3111
3111
3111
3113
3114
3116
3116
3117
3118
3119
3120
3122
3126
3126
3129
3130
3131
3133
3134
3136
3137
3137
3137
3137
3138
3139
3140
3140
3141
3143
3144
3144
3144
3144
3147
3149
3150
3150
3150
3151
3152
3152
3153
3153
3154
3154
3154
3155
3156
3156
3156
3157
3158
3159
3160
3160
3161
3162
3162
3164
3165
3165
3168
3169
3169
3170
3170
3171
3172
3172
3172
3172
3173
3174
3179
3180
3183
3185
3185
3186
3187
3189
3193
3193
3193
3193
3194
3194
3195
3197
3198
3198
3198
3198
3199
3199
3200
3200
3200
3201
3202
3202
3203
3203
3204
3206
3206
3207
3208
3210
3210
3211
3211
3211
3211
3212
3213
3213
3214
3215
3216
3216
3216
3218
3219
3222
3222
3224
3224
3224
3226
3227
3228
3229
3231
3234
3234
3235
3237
3238
3238
3238
3239
3239
3240
3240
3242
3243
3244
3246
3246
3247
3247
3248
3248
3249
3249
3249
3250
3252
3254
3257
3258
3259
3260
3261
3263
3264
3264
3266
3267
3267
3267
3267
3268
3268
3269
3270
3271
3273
3273
3276
3276
3277
3277
3280
3281
3281
3282
3283
3285
3288
3289
3290
3290
3291
3291
3295
3296
3296
3297
3298
3298
3300
3300
3300
3301
3303
3304
3304
3304
3305
3305
3306
3306
3308
3309
3310
3311
3312
3312
3315
3315
3315
3315
3316
3316
3320
3320
3321
3322
3323
3324
3324
3324
3325
3326
3329
3331
3331
3332
3332
3333
3336
3337
3338
3338
3338
3339
3339
3339
3342
3342
3343
3343
3343
3345
3346
3348
3350
3351
3352
3354
3354
3354
3355
3355
3357
3360
3362
3362
3362
3363
3364
3364
3365
3365
3369
3369
3370
3371
3371
3373
3374
3375
3375
3376
3379
3379
3379
3379
3380
3380
3380
3382
3383
3384
3385
3385
3385
3386
3387
3387
3388
3389
3391
3393
3393
3394
3396
3397
3398
3402
3402
3403
3403
3405
3409
3409
3412
3415
3415
3416
3416
3421
3423
3423
3425
3426
3427
3428
3429
3429
3429
3430
3431
3432
3434
3434
3435
3435
3436
3437
3438
3438
3438
3440
3442
3442
3443
3443
3445
3446
3446
3447
3449
3449
3450
3451
3452
3452
3454
3454
3456
3456
3456
3462
3462
3463
3463
3463
3464
3464
3466
3466
3467
3467
3469
3470
3470
3472
3472
3473
3473
3473
3476
3476
3477
3477
3478
3478
3479
3479
3480
3481
3481
3482
3485
3487
3488
3489
3493
3494
3495
3495
3496
3498
3499
3500
3501
3503
3503
3504
3504
3504
3505
3506
3507
3508
3508
3509
3511
3511
3513
3514
3514
3514
3515
3515
3516
3518
3519
3519
3519
3520
3522
3522
3522
3523
3523
3524
3525
3525
3529
3531
3531
3532
3532
3532
3533
3535
3538
3538
3538
3538
3539
3542
3543
3543
3544
3545
3546
3546
3546
3547
3548
3549
3550
3553
3554
3554
3556
3556
3557
3558
3559
3561
3561
3564
3565
3566
3567
3567
3571
3571
3571
3573
3574
3574
3576
3576
3579
3580
3583
3583
3584
3586
3587
3588
3589
3590
3592
3592
3594
3594
3594
3594
3595
3595
3596
3596
3598
3599
3599
3601
3602
3603
3603
3604
3605
3605
3605
3605
3605
3608
3608
3611
3614
3614
3615
3615
3619
3619
3621
3622
3624
3624
3624
3625
3626
3629
3630
3631
3632
3633
3633
3633
3634
3635
3639
3640
3641
3644
3644
3646
3646
3647
3648
3654
3655
3655
3655
3656
3657
3659
3660
3660
3662
3665
3665
3666
3666
3667
3668
3669
3669
3669
3669
3670
3670
3671
3672
3673
3674
3675
3675
3677
3677
3678
3680
3681
3682
3684
3686
3686
3688
3690
3692
3692
3692
3693
3694
3694
3695
3695
3697
3700
3700
3701
3701
3702
3702
3703
3704
3706
3706
3707
3707
3707
3710
3711
3712
3712
3712
3713
3717
3718
3718
3723
3723
3725
3725
3727
3727
3731
3732
3733
3733
3734
3735
3736
3737
3738
3738
3740
3741
3743
3743
3744
3745
3745
3746
3746
3746
3748
3748
3750
3750
3751
3752
3753
3753
3753
3753
3754
3755
3756
3756
3757
3759
3760
3760
3760
3761
3763
3763
3765
3765
3766
3766
3766
3769
3771
3771
3771
3771
3773
3773
3774
3776
3776
3776
3778
3778
3781
3781
3782
3783
3784
3785
3785
3785
3786
3786
3787
3787
3788
3790
3790
3790
3792
3794
3796
3799
3800
3800
3802
3802
3802
3803
3804
3805
3808
3808
3812
3813
3813
3813
3814
3815
3816
3816
3818
3818
3822
3822
3824
3825
3825
3826
3827
3830
3831
3831
3835
3836
3836
3839
3839
3840
3840
3840
3841
3842
3842
3842
3842
3843
3844
3845
3846
3847
3847
3847
3849
3851
3853
3854
3855
3856
3858
3858
3860
3861
3867
3869
3870
3870
3871
3873
3873
3873
3873
3874
3876
3876
3877
3878
3879
3879
3879
3879
3881
3882
3882
3883
3884
3885
3886
3886
3886
3887
3888
3891
3891
3891
3891
3892
3892
3892
3894
3896
3898
3899
3899
3900
3900
3901
3902
3903
3904
3906
3906
3907
3908
3910
3911
3912
3913
3915
3915
3916
3917
3917
3923
3923
3923
3925
3925
3925
3925
3926
3926
3927
3927
3928
3928
3928
3929
3930
3932
3936
3937
3939
3942
3943
3944
3948
3949
3949
3950
3950
3951
3951
3952
3953
3954
3954
3955
3956
3958
3960
3961
3962
3963
3963
3966
3966
3971
3971
3972
3972
3973
3973
3974
3975
3975
3976
3976
3976
3977
3977
3978
3978
3978
3979
3979
3979
3982
3982
3984
3986
3986
3986
3987
3988
3989
3990
3990
3991
3991
3991
3992
3993
3993
3993
3999
4002
4002
4004
4004
4005
4006
4006
4007
4009
4009
4011
4012
4014
4015
4015
4017
4017
4018
4018
4019
4019
4020
4020
4022
4022
4022
4023
4024
4024
4024
4026
4027
4031
4031
4032
4033
4033
4035
4036
4037
4037
4037
4039
4039
4040
4041
4041
4042
4045
4045
4045
4045
4047
4048
4048
4049
4049
4052
4052
4052
4053
4053
4054
4054
4055
4056
4057
4059
4059
4060
4061
4061
4064
4066
4067
4072
4073
4074
4074
4075
4077
4080
4080
4080
4082
4085
4085
4086
4086
4086
4089
4090
4090
4094
4094
4094
4095
4096
4100
4100
4101
4103
4104
4107
4108
4109
4112
4113
4113
4116
4116
4117
4118
4120
4120
4121
4123
4123
4124
4125
4127
4128
4128
4129
4130
4130
4131
4132
4133
4135
4136
4138
4141
4142
4143
4143
4143
4145
4145
4146
4147
4149
4151
4153
4155
4155
4156
4158
4159
4159
4160
4161
4161
4161
4162
4163
4163
4164
4164
4167
4167
4168
4169
4170
4171
4172
4172
4173
4173
4174
4175
4177
4177
4178
4178
4179
4179
4180
4181
4182
4183
4184
4185
4185
4186
4187
4188
4188
4189
4189
4189
4191
4194
4195
4195
4195
4196
4199
4199
4199
4201
4201
4204
4204
4204
4204
4205
4206
4207
4209
4209
4209
4209
4210
4212
4213
4213
4215
4216
4218
4219
4219
4220
4221
4222
4223
4225
4225
4225
4225
4227
4227
4227
4227
4231
4232
4232
4234
4235
4235
4236
4237
4238
4238
4238
4238
4239
4239
4240
4240
4241
4241
4243
4243
4244
4244
4246
4247
4247
4249
4249
4250
4250
4250
4251
4251
4254
4255
4255
4255
4255
4256
4257
4257
4259
4259
4260
4262
4262
4262
4262
4264
4264
4267
4269
4272
4273
4274
4274
4276
4281
4282
4283
4283
4285
4285
4285
4285
4287
4288
4290
4290
4291
4291
4292
4293
4293
4294
4296
4297
4297
4298
4298
4298
4299
4299
4299
4300
4300
4300
4300
4301
4302
4302
4304
4304
4305
4307
4307
4307
4308
4309
4311
4313
4314
4316
4316
4316
4317
4317
4318
4320
4321
4322
4322
4323
4323
4324
4326
4326
4327
4327
4328
4331
4331
4333
4333
4338
4338
4339
4340
4341
4342
4342
4343
4343
4343
4343
4344
4345
4347
4347
4348
4350
4351
4353
4358
4358
4359
4360
4361
4362
4363
4363
4363
4365
4368
4368
4369
4369
4370
4371
4372
4373
4373
4374
4374
4374
4374
4376
4377
4378
4379
4380
4380
4381
4382
4382
4389
4391
4391
4391
4394
4395
4397
4399
4401
4402
4402
4404
4404
4404
4405
4405
4405
4405
4405
4407
4407
4408
4410
4412
4412
4413
4415
4416
4416
4417
4419
4420
4421
4421
4422
4423
4427
4427
4427
4429
4429
4429
4430
4430
4431
4431
4432
4432
4432
4432
4433
4434
4434
4436
4436
4437
4437
4439
4440
4440
4441
4442
4444
4444
4445
4447
4450
4451
4452
4454
4455
4456
4459
4460
4460
4461
4462
4463
4464
4465
4468
4468
4469
4472
4475
4476
4477
4478
4478
4478
4479
4482
4483
4483
4487
4487
4488
4489
4489
4493
4495
4496
4496
4497
4498
4499
4501
4501
4503
4503
4503
4503
4503
4504
4504
4505
4505
4508
4508
4509
4510
4510
4511
4512
4512
4512
4513
4514
4516
4520
4520
4521
4521
4522
4523
4525
4525
4526
4528
4530
4532
4534
4534
4534
4534
4536
4536
4537
4539
4540
4541
4542
4543
4543
4544
4545
4547
4549
4550
4551
4552
4552
4553
4553
4559
4559
4561
4561
4561
4562
4562
4563
4564
4564
4564
4567
4570
4570
4571
4575
4576
4577
4577
4579
4580
4580
4581
4581
4581
4584
4585
4586
4586
4586
4587
4588
4588
4589
4591
4592
4593
4593
4593
4594
4594
4595
4595
4597
4599
4600
4600
4600
4601
4601
4603
4603
4603
4603
4604
4605
4606
4606
4608
4608
4609
4610
4610
4610
4611
4614
4615
4615
4615
4615
4616
4617
4617
4619
4621
4622
4625
4628
4629
4629
4631
4632
4635
4636
4636
4638
4639
4639
4640
4640
4641
4641
4641
4648
4648
4649
4650
4651
4651
4653
4654
4654
4654
4655
4656
4656
4657
4658
4658
4659
4659
4660
4661
4663
4663
4664
4667
4667
4668
4668
4669
4670
4671
4674
4674
4674
4676
4677
4677
4679
4680
4680
4681
4684
4685
4685
4686
4686
4686
4687
4687
4689
4689
4690
4690
4690
4690
4691
4691
4692
4692
4692
4693
4694
4696
4696
4698
4698
4698
4699
4701
4701
4702
4703
4704
4706
4707
4708
4709
4709
4712
4712
4713
4714
4716
4717
4717
4720
4720
4721
4721
4721
4721
4722
4724
4724
4726
4728
4734
4736
4738
4738
4740
4743
4743
4743
4744
4744
4744
4745
4745
4746
4746
4747
4747
4748
4748
4749
4752
4753
4753
4754
4758
4758
4760
4762
4763
4763
4763
4764
4764
4764
4765
4766
4766
4766
4766
4766
4766
4767
4769
4770
4770
4770
4772
4772
4776
4777
4777
4779
4780
4782
4782
4784
4786
4786
4787
4788
4789
4790
4790
4791
4792
4792
4794
4794
4796
4796
4796
4797
4797
4798
4798
4799
4799
4801
4802
4803
4803
4803
4804
4804
4807
4808
4809
4812
4812
4813
4813
4814
4816
4816
4816
4817
4817
4818
4818
4818
4819
4820
4821
4821
4822
4823
4823
4824
4824
4824
4827
4828
4829
4829
4830
4830
4832
4833
4833
4834
4836
4836
4837
4837
4838
4839
4840
4843
4843
4845
4845
4847
4847
4847
4850
4850
4852
4852
4852
4853
4853
4854
4854
4854
4856
4856
4856
4858
4859
4859
4860
4862
4862
4862
4862
4864
4864
4865
4867
4867
4868
4869
4869
4871
4872
4872
4872
4873
4874
4876
4878
4879
4879
4879
4880
4880
4881
4883
4884
4886
4889
4890
4890
4890
4891
4892
4893
4893
4893
4894
4895
4895
4895
4895
4896
4896
4896
4896
4897
4898
4898
4899
4903
4906
4907
4907
4907
4908
4908
4909
4912
4912
4912
4912
4913
4915
4916
4917
4917
4918
4918
4919
4922
4923
4923
4923
4924
4924
4924
4924
4924
4925
4927
4927
4927
4928
4929
4929
4931
4932
4932
4932
4932
4933
4934
4934
4935
4937
4937
4937
4938
4939
4939
4939
4940
4940
4941
4943
4944
4947
4948
4949
4949
4949
4950
4951
4952
4954
4954
4955
4955
4956
4956
4957
4957
4958
4959
4960
4961
4965
4966
4971
4972
4973
4974
4975
4976
4976
4977
4977
4977
4977
4978
4978
4980
4980
4980
4982
4983
4984
4984
4988
4989
4989
4989
4989
4991
4991
4991
4992
4993
4993
4993
4994
4994
4996
4996
4998
4999
4999
4999
4999
5001
5001
5001
5001
5001
5002
5003
5003
5003
5007
5008
5013
5013
5013
5014
5014
5015
5015
5016
5016
5018
5018
5018
5020
5020
5020
5021
5022
5024
5024
5024
5025
5026
5028
5030
5031
5032
5035
5037
5038
5039
5041
5043
5044
5044
5045
5045
5046
5046
5047
5048
5048
5049
5049
5050
5050
5051
5052
5053
5053
5054
5055
5055
5059
5061
5063
5063
5063
5063
5064
5064
5064
5064
5068
5070
5070
5070
5073
5073
5074
5076
5076
5077
5078
5079
5080
5084
5085
5087
5088
5091
5091
5092
5092
5092
5092
5092
5094
5097
5099
5099
5099
5101
5102
5103
5114
5114
5116
5118
5123
5123
5125
5126
5126
5126
5127
5128
5128
5128
5128
5129
5131
5133
5133
5136
5136
5137
5138
5139
5140
5140
5142
5143
5144
5145
5146
5146
5147
5147
5148
5148
5149
5149
5150
5151
5153
5159
5160
5160
5161
5161
5161
5163
5164
5165
5166
5166
5167
5169
5169
5170
5171
5174
5174
5174
5175
5176
5177
5177
5180
5182
5184
5185
5186
5186
5190
5190
5191
5191
5191
5192
5195
5196
5196
5197
5197
5198
5199
5200
5202
5203
5204
5206
5208
5208
5210
5210
5212
5212
5214
5214
5214
5216
5217
5217
5217
5217
5218
5218
5220
5222
5223
5228
5228
5229
5229
5229
5230
5230
5231
5232
5232
5233
5233
5233
5233
5233
5234
5234
5234
5234
5234
5237
5237
5238
5240
5245
5247
5247
5249
5251
5254
5255
5255
5256
5257
5257
5258
5258
5258
5258
5258
5258
5259
5260
5263
5264
5265
5265
5268
5268
5269
5274
5276
5278
5279
5279
5281
5282
5282
5282
5284
5286
5286
5289
5289
5289
5289
5289
5290
5290
5290
5291
5292
5294
5295
5295
5297
5298
5298
5299
5302
5304
5305
5306
5306
5306
5306
5307
5307
5307
5309
5311
5313
5314
5315
5315
5315
5316
5317
5317
5317
5317
5318
5318
5318
5320
5320
5320
5321
5321
5322
5323
5323
5324
5324
5325
5326
5327
5328
5330
5330
5332
5332
5333
5338
5338
5339
5341
5341
5342
5344
5344
5349
5349
5350
5351
5353
5354
5354
5356
5359
5361
5361
5362
5365
5368
5368
5368
5369
5369
5370
5371
5373
5374
5374
5377
5378
5378
5379
5379
5380
5380
5381
5384
5384
5384
5386
5389
5390
5390
5392
5393
5393
5394
5395
5395
5396
5396
5396
5397
5398
5398
5399
5401
5404
5404
5405
5405
5406
5406
5407
5412
5413
5413
5414
5414
5416
5417
5418
5419
5420
5421
5422
5424
5427
5428
5429
5431
5432
5433
5433
5434
5435
5435
5435
5436
5437
5437
5439
5441
5441
5441
5442
5442
5443
5444
5444
5446
5447
5447
5448
5450
5450
5450
5451
5452
5454
5456
5456
5457
5457
5457
5458
5458
5459
5460
5460
5462
5463
5464
5464
5465
5466
5466
5468
5469
5470
5470
5472
5473
5475
5476
5477
5477
5478
5480
5483
5484
5485
5485
5486
5487
5487
5489
5489
5489
5490
5491
5491
5491
5492
5492
5492
5492
5493
5495
5495
5496
5496
5497
5497
5498
5499
5500
5500
5502
5503
5504
5506
5507
5508
5509
5512
5516
5517
5518
5521
5521
5522
5524
5526
5527
5530
5530
5530
5531
5533
5535
5539
5540
5540
5541
5541
5541
5541
5541
5541
5542
5542
5542
5543
5543
5545
5545
5545
5549
5549
5549
5551
5555
5555
5555
5556
5558
5558
5559
5559
5559
5560
5560
5561
5562
5563
5564
5566
5567
5568
5569
5569
5572
5572
5572
5573
5573
5573
5576
5577
5577
5578
5579
5580
5580
5581
5582
5582
5582
5583
5585
5586
5586
5586
5587
5588
5589
5589
5591
5591
5591
5594
5598
5598
5598
5599
5600
5600
5601
5601
5602
5604
5604
5605
5605
5606
5607
5609
5611
5611
5617
5617
5617
5618
5618
5619
5619
5623
5623
5625
5625
5625
5627
5628
5629
5630
5632
5633
5635
5635
5636
5640
5641
5641
5642
5642
5644
5644
5644
5646
5646
5646
5647
5648
5649
5649
5649
5650
5650
5654
5654
5656
5660
5661
5661
5661
5663
5663
5665
5665
5665
5665
5666
5667
5667
5668
5669
5669
5670
5670
5670
5672
5672
5673
5673
5674
5675
5675
5677
5677
5677
5677
5678
5678
5679
5680
5681
5682
5683
5683
5685
5689
5690
5692
5692
5693
5696
5696
5698
5698
5699
5700
5700
5701
5701
5704
5705
5705
5706
5707
5709
5709
5709
5710
5710
5711
5712
5713
5714
5715
5718
5718
5719
5719
5719
5720
5720
5720
5721
5722
5724
5725
5728
5728
5729
5730
5732
5733
5734
5734
5735
5735
5735
5736
5737
5738
5742
5744
5744
5745
5746
5746
5747
5748
5748
5749
5749
5749
5750
5752
5752
5752
5753
5753
5756
5758
5758
5758
5758
5759
5760
5764
5766
5766
5766
5770
5772
5773
5773
5775
5777
5782
5784
5785
5786
5789
5790
5790
5791
5793
5793
5793
5798
5798
5802
5802
5802
5803
5803
5805
5806
5807
5807
5807
5809
5811
5812
5812
5814
5815
5816
5817
5817
5818
5820
5820
5820
5824
5824
5825
5825
5825
5827
5827
5828
5829
5831
5832
5833
5833
5834
5834
5834
5839
5840
5840
5841
5843
5843
5849
5849
5850
5851
5851
5851
5852
5853
5855
5856
5856
5857
5858
5861
5861
5862
5863
5863
5865
5866
5867
5867
5867
5868
5868
5869
5870
5871
5871
5871
5871
5872
5874
5876
5877
5877
5878
5879
5882
5883
5884
5884
5884
5886
5892
5892
5894
5894
5895
5896
5898
5898
5899
5899
5900
5901
5902
5902
5904
5906
5907
5907
5908
5908
5909
5911
5911
5912
5913
5914
5914
5915
5915
5916
5917
5921
5921
5922
5923
5924
5928
5928
5929
5929
5930
5930
5932
5932
5935
5935
5937
5938
5938
5939
5940
5940
5940
5941
5942
5946
5946
5948
5949
5951
5952
5954
5956
5958
5960
5962
5963
5964
5965
5965
5969
5973
5973
5974
5974
5978
5979
5979
5980
5980
5982
5984
5984
5984
5985
5986
5986
5987
5988
5989
5989
5990
5990
5992
5993
5995
5996
5997
5998
5999
6000
6000
6001
6001
6002
6002
6004
6005
6008
6009
6009
6009
6010
6012
6013
6014
6015
6018
6018
6018
6021
6023
6023
6026
6028
6028
6029
6029
6030
6030
6031
6033
6033
6033
6033
6033
6034
6035
6035
6036
6036
6036
6038
6040
6042
6044
6044
6046
6047
6047
6048
6048
6050
6054
6055
6056
6057
6057
6060
6060
6061
6062
6062
6063
6065
6068
6074
6076
6077
6077
6077
6079
6082
6085
6085
6087
6089
6090
6092
6094
6094
6095
6097
6097
6098
6098
6099
6102
6102
6106
6106
6107
6107
6108
6109
6111
6111
6112
6114
6114
6116
6116
6116
6117
6120
6124
6125
6126
6127
6129
6130
6132
6134
6135
6137
6137
6137
6144
6144
6145
6145
6147
6147
6148
6148
6148
6150
6150
6151
6151
6153
6154
6154
6154
6154
6154
6155
6155
6158
6159
6160
6162
6164
6165
6167
6168
6168
6170
6170
6171
6173
6173
6178
6178
6184
6185
6185
6185
6185
6185
6186
6186
6188
6188
6188
6189
6189
6191
6192
6192
6192
6192
6193
6193
6194
6195
6196
6196
6197
6197
6197
6198
6198
6200
6201
6203
6204
6205
6208
6209
6210
6212
6213
6214
6214
6214
6215
6215
6215
6217
6218
6219
6220
6220
6222
6222
6223
6224
6224
6224
6227
6229
6229
6230
6231
6233
6235
6235
6236
6239
6240
6241
6241
6242
6243
6243
6243
6244
6245
6247
6247
6249
6250
6250
6250
6250
6251
6251
6251
6252
6254
6254
6255
6256
6257
6260
6262
6263
6265
6266
6266
6267
6269
6269
6270
6270
6270
6270
6271
6273
6277
6278
6278
6278
6279
6280
6281
6282
6282
6282
6282
6283
6285
6286
6288
6290
6291
6291
6293
6293
6294
6295
6297
6298
6299
6300
6300
6302
6302
6302
6303
6303
6304
6305
6306
6307
6309
6313
6318
6318
6319
6320
6321
6322
6323
6324
6325
6326
6326
6327
6329
6329
6333
6334
6334
6336
6336
6337
6339
6339
6339
6340
6340
6341
6342
6342
6343
6343
6343
6343
6344
6346
6347
6348
6349
6350
6352
6353
6353
6354
6357
6357
6358
6360
6363
6364
6366
6367
6368
6368
6369
6369
6370
6372
6372
6372
6374
6374
6375
6376
6377
6377
6380
6381
6382
6382
6382
6383
6385
6386
6386
6387
6387
6391
6393
6394
6394
6394
6395
6396
6397
6398
6399
6401
6401
6403
6406
6407
6408
6409
6409
6410
6410
6411
6412
6413
6414
6415
6416
6417
6417
6417
6419
6420
6424
6424
6425
6427
6430
6430
6431
6431
6431
6433
6435
6437
6439
6440
6440
6441
6441
6442
6443
6443
6444
6445
6445
6445
6447
6448
6448
6448
6448
6450
6452
6454
6455
6455
6458
6458
6459
6461
6461
6464
6466
6466
6469
6473
6473
6473
6474
6474
6475
6475
6476
6477
6478
6483
6485
6486
6486
6486
6490
6491
6491
6493
6494
6495
6495
6496
6496
6497
6497
6498
6501
6503
6504
6505
6507
6508
6508
6511
6511
6512
6512
6512
6512
6513
6513
6514
6515
6515
6516
6518
6519
6520
6521
6521
6523
6524
6525
6525
6527
6530
6530
6534
6534
6535
6537
6538
6539
6539
6539
6540
6541
6542
6548
6549
6550
6551
6552
6553
6555
6556
6558
6559
6559
6559
6560
6560
6562
6562
6563
6563
6563
6565
6566
6566
6567
6569
6569
6570
6571
6573
6573
6575
6576
6578
6578
6579
6579
6580
6580
6581
6583
6583
6583
6585
6589
6589
6590
6591
6591
6592
6593
6596
6596
6597
6598
6598
6599
6600
6600
6601
6602
6603
6604
6604
6605
6606
6607
6608
6609
6611
6611
6612
6612
6613
6613
6615
6615
6617
6618
6619
6619
6621
6623
6623
6624
6625
6633
6634
6634
6635
6635
6636
6636
6637
6637
6638
6639
6639
6643
6644
6646
6649
6650
6651
6651
6652
6654
6657
6658
6658
6658
6659
6659
6660
6661
6662
6662
6665
6666
6666
6668
6668
6669
6672
6672
6672
6673
6673
6675
6675
6676
6676
6680
6682
6682
6683
6684
6688
6689
6690
6690
6691
6692
6692
6693
6693
6694
6695
6696
6696
6699
6702
6702
6703
6703
6703
6705
6705
6705
6707
6708
6712
6712
6712
6716
6716
6717
6718
6718
6719
6719
6720
6721
6721
6721
6724
6727
6727
6728
6729
6731
6731
6731
6732
6734
6734
6735
6736
6737
6737
6738
6740
6741
6741
6741
6742
6744
6745
6745
6746
6750
6752
6752
6753
6753
6753
6754
6756
6757
6757
6759
6759
6760
6760
6761
6762
6762
6763
6763
6764
6765
6766
6767
6767
6768
6768
6769
6770
6772
6772
6773
6773
6773
6773
6773
6774
6775
6775
6777
6779
6779
6780
6780
6781
6786
6786
6786
6788
6789
6789
6790
6792
6793
6795
6798
6799
6799
6799
6800
6800
6804
6806
6806
6808
6810
6811
6812
6814
6814
6816
6816
6816
6816
6817
6817
6820
6820
6821
6821
6822
6823
6823
6825
6825
6825
6828
6828
6829
6829
6829
6830
6833
6834
6835
6835
6835
6836
6837
6837
6839
6840
6841
6844
6844
6846
6847
6847
6847
6854
6854
6855
6858
6858
6858
6859
6859
6859
6859
6861
6862
6863
6865
6866
6867
6870
6870
6872
6872
6872
6873
6874
6874
6875
6876
6877
6880
6880
6882
6882
6883
6885
6886
6886
6888
6890
6891
6892
6894
6895
6895
6896
6897
6897
6898
6900
6902
6902
6904
6904
6906
6908
6910
6911
6912
6913
6913
6913
6914
6914
6917
6919
6920
6921
6921
6922
6923
6924
6925
6927
6928
6928
6928
6929
6929
6929
6930
6930
6931
6932
6932
6932
6932
6934
6934
6935
6935
6935
6936
6937
6937
6938
6941
6941
6942
6943
6947
6947
6948
6949
6949
6954
6956
6957
6962
6964
6965
6965
6965
6967
6967
6969
6970
6970
6970
6971
6971
6971
6972
6973
6974
6975
6976
6977
6978
6978
6979
6981
6982
6983
6983
6984
6984
6988
6988
6990
6990
6997
6998
6999
7000
7001
7002
7003
7004
7004
7005
7006
7006
7006
7007
7007
7009
7009
7012
7012
7014
7015
7016
7017
7017
7017
7017
7018
7020
7021
7021
7022
7022
7022
7022
7023
7023
7024
7024
7025
7025
7025
7027
7029
7029
7032
7033
7035
7035
7037
7038
7038
7039
7039
7039
7041
7042
7043
7043
7044
7044
7045
7045
7046
7046
7046
7046
7048
7048
7048
7048
7049
7049
7049
7049
7049
7051
7052
7053
7053
7054
7055
7058
7058
7058
7058
7060
7061
7061
7061
7062
7063
7063
7064
7065
7068
7071
7072
7075
7075
7075
7077
7078
7078
7079
7079
7079
7079
7080
7080
7081
7088
7088
7088
7089
7089
7089
7091
7091
7093
7095
7096
7096
7097
7098
7100
7101
7102
7102
7102
7102
7103
7105
7107
7107
7108
7108
7109
7111
7113
7115
7116
7116
7117
7117
7117
7120
7121
7121
7123
7123
7124
7125
7127
7128
7129
7129
7131
7132
7133
7134
7134
7134
7135
7135
7135
7136
7138
7139
7139
7140
7140
7141
7143
7145
7146
7146
7148
7149
7149
7149
7149
7149
7151
7152
7155
7155
7158
7159
7160
7162
7162
7164
7166
7167
7167
7167
7168
7169
7170
7170
7171
7172
7175
7175
7176
7177
7179
7180
7180
7181
7181
7182
7184
7185
7186
7186
7186
7188
7188
7188
7189
7190
7192
7192
7192
7192
7193
7194
7195
7195
7195
7196
7196
7197
7199
7199
7200
7201
7202
7209
7209
7211
7213
7213
7214
7214
7215
7215
7216
7217
7218
7219
7219
7220
7221
7221
7222
7222
7223
7223
7223
7224
7225
7226
7229
7229
7230
7231
7231
7235
7236
7237
7237
7237
7238
7239
7240
7242
7243
7245
7247
7248
7249
7251
7253
7253
7256
7257
7258
7259
7260
7261
7262
7263
7263
7263
7266
7267
7267
7268
7268
7269
7271
7274
7275
7276
7277
7279
7280
7280
7281
7281
7282
7283
7289
7290
7292
7296
7296
7298
7298
7302
7302
7305
7305
7306
7306
7307
7308
7309
7309
7310
7311
7311
7311
7313
7314
7315
7315
7315
7319
7320
7320
7321
7322
7323
7323
7325
7326
7327
7330
7330
7330
7330
7334
7334
7335
7336
7338
7338
7338
7338
7339
7340
7341
7341
7341
7343
7344
7345
7347
7349
7349
7350
7351
7351
7351
7352
7352
7352
7354
7355
7356
7356
7358
7361
7361
7363
7366
7366
7367
7367
7368
7369
7371
7371
7373
7373
7374
7376
7377
7378
7379
7380
7380
7381
7383
7388
7389
7390
7391
7392
7394
7394
7395
7397
7398
7398
7401
7401
7402
7403
7405
7405
7406
7407
7407
7411
7415
7415
7416
7416
7416
7417
7417
7418
7418
7419
7420
7421
7424
7427
7429
7430
7431
7431
7433
7434
7434
7436
7438
7438
7438
7438
7440
7440
7441
7443
7444
7444
7444
7445
7445
7445
7445
7446
7447
7447
7448
7451
7452
7453
7453
7453
7454
7455
7458
7458
7460
7461
7462
7462
7463
7463
7465
7465
7465
7466
7466
7467
7467
7468
7468
7470
7470
7471
7473
7474
7475
7476
7477
7477
7478
7481
7482
7483
7483
7484
7484
7486
7490
7492
7493
7495
7495
7497
7497
7497
7498
7498
7498
7503
7504
7504
7506
7506
7506
7507
7508
7508
7508
7509
7512
7512
7513
7514
7514
7516
7516
7516
7516
7517
7517
7517
7517
7519
7519
7522
7524
7524
7524
7526
7526
7527
7527
7529
7529
7530
7530
7531
7532
7532
7532
7534
7534
7534
7537
7540
7542
7542
7543
7544
7544
7544
7545
7545
7545
7547
7548
7548
7550
7552
7553
7555
7555
7555
7556
7556
7556
7557
7559
7559
7560
7561
7563
7563
7564
7564
7566
7566
7567
7574
7575
7575
7576
7577
7577
7578
7579
7579
7581
7581
7582
7582
7585
7585
7586
7587
7589
7591
7595
7596
7597
7597
7599
7599
7599
7601
7602
7602
7603
7603
7605
7609
7610
7611
7618
7618
7621
7621
7623
7625
7626
7627
7629
7631
7631
7634
7635
7637
7639
7640
7640
7642
7643
7644
7645
7645
7646
7649
7650
7650
7650
7651
7651
7652
7653
7654
7654
7657
7657
7657
7658
7661
7661
7663
7664
7666
7666
7667
7673
7674
7674
7675
7678
7679
7679
7679
7680
7680
7681
7683
7685
7685
7686
7687
7692
7695
7696
7698
7698
7698
7700
7700
7702
7703
7703
7704
7704
7705
7707
7707
7707
7707
7708
7708
7709
7710
7710
7710
7710
7710
7711
7712
7712
7712
7715
7715
7716
7716
7717
7718
7718
7718
7719
7719
7721
7723
7724
7725
7727
7728
7729
7729
7730
7731
7731
7732
7732
7733
7734
7734
7736
7737
7737
7738
7739
7741
7741
7742
7743
7744
7745
7745
7746
7748
7749
7749
7750
7751
7751
7755
7758
7760
7760
7761
7761
7763
7764
7767
7767
7767
7768
7768
7769
7769
7769
7771
7771
7771
7772
7772
7772
7773
7775
7776
7778
7779
7779
7780
7781
7782
7783
7784
7784
7785
7785
7786
7787
7788
7789
7790
7792
7792
7795
7796
7796
7798
7800
7801
7803
7804
7806
7807
7808
7809
7810
7810
7810
7812
7812
7812
7813
7813
7814
7814
7815
7817
7817
7819
7821
7823
7823
7824
7825
7826
7826
7827
7828
7828
7828
7831
7834
7835
7836
7836
7836
7838
7839
7840
7842
7842
7842
7843
7843
7844
7845
7845
7845
7846
7847
7847
7849
7855
7855
7855
7857
7857
7862
7863
7864
7864
7865
7866
7867
7867
7867
7868
7869
7869
7871
7872
7873
7875
7876
7877
7878
7878
7879
7880
7882
7886
7886
7887
7887
7889
7889
7889
7889
7891
7891
7892
7892
7893
7894
7894
7894
7895
7896
7896
7900
7901
7902
7904
7904
7904
7904
7905
7907
7907
7909
7909
7910
7916
7918
7919
7921
7922
7922
7923
7924
7925
7926
7928
7928
7929
7929
7929
7930
7931
7936
7939
7939
7939
7941
7941
7946
7947
7948
7949
7950
7950
7952
7952
7954
7954
7955
7955
7955
7958
7959
7959
7960
7960
7961
7961
7961
7962
7962
7966
7966
7967
7967
7968
7968
7968
7969
7970
7972
7972
7974
7976
7979
7981
7982
7983
7984
7984
7984
7987
7989
7989
7990
7990
7992
7993
7993
7995
7995
7998
7999
8000
8004
8004
8005
8006
8006
8007
8007
8008
8009
8009
8009
8010
8010
8012
8012
8012
8013
8014
8017
8017
8017
8018
8019
8019
8020
8021
8022
8023
8023
8025
8026
8026
8026
8029
8030
8032
8032
8034
8035
8036
8036
8037
8038
8038
8039
8040
8041
8042
8042
8043
8044
8045
8046
8046
8052
8052
8052
8053
8053
8053
8054
8054
8056
8056
8057
8058
8059
8059
8059
8060
8060
8062
8065
8065
8067
8067
8069
8069
8069
8070
8071
8071
8072
8074
8075
8075
8076
8077
8079
8081
8081
8081
8081
8085
8085
8087
8088
8089
8090
8091
8091
8093
8093
8098
8099
8103
8104
8104
8104
8105
8105
8106
8107
8107
8108
8109
8109
8109
8111
8112
8112
8115
8116
8116
8116
8116
8119
8122
8123
8126
8126
8128
8131
8132
8133
8136
8136
8137
8137
8139
8139
8139
8140
8140
8141
8141
8143
8145
8145
8146
8147
8149
8150
8151
8154
8155
8155
8156
8158
8158
8159
8163
8163
8166
8167
8168
8168
8169
8169
8169
8170
8172
8173
8175
8175
8178
8179
8180
8181
8182
8183
8184
8185
8187
8189
8191
8191
8191
8191
8193
8195
8195
8195
8195
8197
8198
8198
8198
8198
8198
8201
8201
8201
8202
8205
8206
8206
8207
8207
8208
8210
8211
8211
8211
8213
8213
8214
8215
8216
8217
8220
8222
8223
8224
8224
8224
8225
8225
8225
8227
8228
8229
8229
8231
8232
8232
8232
8233
8234
8237
8239
8239
8240
8240
8241
8242
8242
8242
8243
8243
8245
8245
8245
8246
8247
8248
8248
8249
8250
8252
8254
8254
8254
8255
8255
8256
8258
8258
8258
8258
8259
8259
8260
8261
8262
8263
8263
8263
8264
8264
8265
8266
8268
8269
8270
8270
8271
8275
8276
8277
8277
8278
8280
8281
8283
8284
8285
8285
8287
8287
8288
8289
8290
8292
8292
8294
8295
8295
8296
8296
8297
8297
8297
8298
8299
8299
8299
8299
8300
8301
8301
8301
8302
8303
8303
8304
8308
8309
8309
8309
8309
8310
8315
8316
8316
8316
8316
8317
8318
8318
8318
8320
8320
8325
8328
8328
8328
8329
8330
8330
8330
8330
8331
8331
8331
8332
8333
8333
8333
8334
8338
8339
8341
8344
8344
8344
8345
8346
8346
8347
8348
8349
8349
8349
8350
8351
8352
8352
8353
8356
8357
8358
8361
8362
8364
8365
8365
8366
8366
8367
8371
8372
8374
8374
8376
8376
8376
8378
8378
8381
8381
8384
8385
8386
8386
8387
8387
8388
8388
8388
8390
8392
8396
8397
8397
8398
8398
8401
8402
8405
8406
8407
8408
8408
8408
8409
8411
8412
8412
8412
8414
8414
8418
8419
8422
8422
8422
8422
8422
8423
8425
8427
8431
8433
8433
8433
8433
8433
8435
8435
8436
8437
8439
8439
8440
8441
8441
8442
8443
8445
8445
8447
8447
8448
8449
8450
8452
8453
8454
8454
8455
8457
8457
8459
8460
8461
8461
8462
8462
8463
8463
8463
8466
8466
8467
8469
8470
8471
8471
8471
8477
8477
8478
8478
8478
8479
8482
8483
8483
8485
8485
8487
8487
8489
8490
8491
8491
8492
8495
8496
8499
8499
8500
8502
8504
8504
8506
8506
8506
8506
8507
8507
8508
8509
8509
8514
8515
8516
8516
8516
8518
8519
8519
8519
8521
8522
8524
8524
8525
8526
8529
8529
8532
8533
8533
8533
8534
8535
8535
8537
8538
8539
8540
8543
8544
8545
8546
8547
8547
8547
8548
8553
8556
8556
8558
8558
8560
8562
8562
8564
8568
8568
8568
8569
8570
8570
8572
8573
8573
8573
8573
8576
8586
8586
8586
8587
8589
8590
8590
8591
8593
8594
8594
8594
8594
8596
8596
8599
8601
8601
8601
8603
8604
8604
8605
8610
8610
8611
8612
8612
8614
8618
8618
8620
8622
8623
8624
8625
8625
8625
8626
8627
8628
8628
8628
8628
8629
8632
8638
8639
8641
8644
8646
8650
8650
8652
8652
8655
8656
8656
8657
8659
8659
8661
8663
8663
8664
8665
8666
8667
8668
8669
8671
8671
8671
8672
8672
8673
8674
8675
8676
8677
8677
8678
8680
8682
8682
8682
8684
8684
8685
8686
8687
8688
8689
8690
8691
8692
8693
8695
8696
8701
8701
8702
8708
8708
8709
8710
8712
8712
8714
8714
8714
8714
8715
8715
8716
8716
8717
8718
8719
8720
8725
8726
8726
8726
8727
8727
8727
8729
8729
8730
8731
8732
8734
8735
8736
8736
8742
8742
8746
8750
8751
8751
8752
8752
8753
8754
8754
8754
8754
8755
8756
8756
8758
8759
8760
8762
8762
8764
8765
8766
8767
8767
8769
8769
8770
8774
8775
8776
8776
8779
8780
8780
8782
8783
8783
8784
8784
8784
8785
8786
8787
8790
8791
8791
8791
8792
8792
8795
8798
8798
8799
8800
8800
8800
8804
8806
8807
8808
8808
8808
8809
8809
8810
8810
8810
8811
8812
8813
8813
8813
8814
8814
8816
8818
8818
8819
8820
8821
8822
8823
8823
8823
8824
8824
8827
8830
8835
8835
8836
8839
8839
8841
8841
8842
8843
8844
8845
8846
8846
8847
8848
8848
8849
8849
8850
8852
8853
8854
8854
8855
8855
8860
8863
8863
8865
8868
8869
8871
8873
8873
8874
8874
8874
8874
8877
8877
8879
8882
8882
8882
8883
8883
8883
8886
8886
8886
8887
8888
8889
8889
8890
8892
8893
8893
8894
8894
8895
8895
8895
8896
8896
8897
8898
8898
8901
8901
8902
8903
8906
8908
8910
8910
8910
8912
8913
8916
8917
8917
8918
8919
8919
8919
8920
8923
8924
8924
8924
8927
8931
8931
8932
8934
8935
8935
8937
8940
8941
8944
8944
8944
8944
8946
8949
8952
8952
8953
8957
8958
8959
8964
8965
8965
8966
8968
8969
8971
8971
8974
8974
8975
8975
8975
8975
8976
8977
8977
8977
8980
8980
8982
8983
8983
8984
8988
8989
8991
8991
8991
8992
8994
8995
8995
8996
8997
8998
8999
9002
9004
9004
9007
9009
9009
9010
9010
9012
9014
9015
9016
9016
9019
9019
9020
9021
9024
9026
9026
9026
9027
9028
9029
9030
9030
9031
9032
9032
9033
9033
9035
9035
9036
9037
9037
9039
9040
9041
9041
9043
9043
9043
9043
9046
9047
9047
9048
9048
9049
9049
9050
9051
9052
9052
9053
9053
9054
9055
9056
9057
9057
9058
9058
9060
9063
9064
9064
9064
9065
9067
9068
9068
9070
9070
9070
9070
9070
9071
9071
9071
9072
9073
9073
9075
9075
9077
9077
9077
9077
9086
9088
9089
9090
9091
9091
9092
9093
9096
9097
9097
9100
9100
9102
9103
9105
9106
9108
9109
9110
9110
9110
9110
9111
9111
9111
9113
9113
9115
9117
9117
9117
9119
9120
9121
9122
9122
9122
9123
9126
9126
9129
9129
9129
9129
9130
9132
9135
9136
9136
9137
9137
9137
9140
9140
9141
9142
9143
9143
9144
9146
9147
9147
9147
9148
9148
9149
9149
9149
9150
9150
9154
9156
9156
9156
9158
9158
9158
9159
9161
9161
9162
9163
9164
9164
9167
9169
9170
9170
9173
9176
9176
9178
9179
9180
9181
9182
9185
9187
9187
9187
9188
9189
9190
9190
9196
9196
9196
9198
9199
9199
9199
9200
9202
9202
9204
9204
9205
9206
9210
9212
9213
9214
9216
9217
9218
9223
9223
9224
9225
9227
9227
9230
9231
9236
9238
9241
9242
9243
9244
9246
9246
9248
9249
9249
9251
9253
9254
9255
9256
9257
9257
9258
9258
9260
9262
9262
9262
9264
9265
9265
9265
9265
9266
9267
9271
9271
9274
9274
9275
9275
9277
9280
9281
9282
9282
9283
9284
9284
9285
9286
9287
9287
9287
9288
9288
9288
9289
9290
9291
9294
9294
9294
9298
9299
9299
9300
9303
9304
9304
9305
9310
9312
9313
9314
9314
9315
9315
9316
9316
9316
9318
9319
9319
9322
9323
9325
9326
9327
9328
9329
9330
9330
9331
9333
9334
9334
9334
9336
9338
9338
9339
9341
9342
9343
9344
9346
9348
9349
9349
9352
9353
9354
9359
9362
9362
9362
9363
9364
9367
9369
9369
9370
9370
9370
9376
9377
9377
9378
9378
9380
9381
9381
9382
9383
9383
9383
9388
9389
9389
9390
9391
9393
9393
9395
9396
9397
9397
9398
9400
9401
9402
9403
9403
9403
9404
9404
9405
9406
9408
9408
9408
9408
9413
9413
9415
9417
9417
9417
9418
9419
9420
9420
9421
9426
9429
9430
9431
9433
9434
9435
9438
9438
9440
9441
9441
9441
9441
9441
9441
9444
9445
9446
9448
9448
9449
9449
9450
9450
9451
9452
9453
9456
9457
9457
9458
9458
9458
9459
9459
9461
9463
9463
9464
9466
9466
9466
9469
9469
9472
9472
9473
9474
9474
9475
9477
9477
9478
9478
9481
9481
9484
9485
9486
9487
9489
9489
9489
9490
9490
9490
9492
9492
9492
9493
9493
9493
9493
9494
9496
9498
9498
9502
9503
9504
9504
9506
9507
9508
9508
9509
9511
9512
9514
9514
9515
9517
9519
9519
9521
9521
9521
9522
9523
9523
9523
9523
9524
9526
9526
9526
9530
9531
9533
9533
9536
9537
9539
9539
9543
9545
9545
9546
9548
9549
9549
9549
9549
9551
9552
9555
9555
9555
9555
9556
9556
9556
9557
9558
9561
9561
9564
9564
9565
9566
9567
9567
9568
9568
9570
9574
9574
9576
9576
9576
9577
9577
9578
9578
9579
9580
9580
9581
9582
9583
9584
9584
9588
9589
9590
9592
9593
9593
9596
9596
9598
9598
9598
9598
9600
9601
9603
9604
9605
9606
9607
9609
9609
9610
9610
9611
9613
9614
9614
9617
9618
9618
9620
9620
9621
9624
9624
9625
9625
9626
9626
9630
9632
9632
9632
9633
9633
9634
9635
9637
9637
9637
9638
9641
9641
9641
9642
9642
9644
9645
9645
9646
9648
9651
9652
9652
9655
9657
9658
9658
9658
9659
9659
9660
9661
9661
9662
9664
9665
9666
9666
9668
9668
9669
9670
9673
9675
9675
9676
9676
9681
9681
9681
9685
9686
9687
9687
9688
9689
9690
9690
9691
9691
9692
9693
9693
9696
9697
9698
9698
9699
9700
9701
9701
9705
9706
9707
9707
9708
9709
9709
9710
9711
9715
9716
9717
9719
9719
9722
9724
9724
9724
9725
9727
9728
9728
9729
9730
9732
9733
9733
9735
9735
9740
9741
9742
9743
9744
9745
9746
9746
9747
9748
9748
9748
9749
9751
9752
9752
9753
9753
9754
9754
9754
9755
9755
9755
9756
9756
9756
9757
9758
9761
9761
9761
9762
9763
9763
9763
9766
9767
9768
9768
9769
9771
9771
9772
9772
9773
9774
9775
9775
9775
9777
9778
9778
9779
9779
9783
9785
9786
9787
9787
9789
9789
9790
9791
9795
9796
9797
9797
9798
9799
9799
9802
9803
9804
9805
9805
9806
9808
9809
9811
9813
9813
9814
9814
9815
9815
9818
9819
9819
9819
9819
9820
9823
9824
9825
9826
9827
9827
9827
9828
9829
9829
9829
9830
9831
9832
9833
9837
9837
9839
9840
9840
9841
9842
9842
9845
9845
9847
9848
9848
9849
9850
9852
9852
9852
9853
9854
9855
9855
9857
9858
9860
9861
9861
9862
9863
9863
9863
9863
9863
9864
9864
9866
9872
9873
9874
9875
9875
9876
9877
9877
9878
9879
9881
9881
9882
9884
9885
9885
9887
9889
9889
9892
9895
9896
9900
9902
9902
9902
9904
9905
9906
9906
9906
9906
9908
9908
9908
9911
9911
9913
9914
9914
9915
9915
9916
9916
9916
9918
9918
9919
9919
9920
9921
9921
9924
9924
9927
9928
9930
9930
9931
9932
9933
9934
9934
9935
9936
9938
9940
9941
9944
9944
9944
9945
9946
9946
9947
9948
9949
9950
9951
9952
9952
9953
9954
9956
9957
9958
9960
9960
9963
9963
9963
9964
9966
9972
9974
9974
9976
9976
9978
9978
9982
9982
9982
9982
9983
9985
9986
9986
9987
9987
9987
9988
9991
9991
9993
9994
9996
9998
9998
9999
9999
10000
